-77.4426	71.8053	0.0000
-79.1545	71.0365	1.8766
-80.6367	70.4583	3.4676
-82.3746	69.8295	5.3157
-84.2632	69.2053	7.3048
-86.0023	68.6602	9.1274
-87.8111	68.0312	11.0424
-89.4225	67.3909	12.7764
-91.0816	66.6737	14.5838
-92.5916	65.9345	16.2651
-93.8213	65.2417	17.6765
-94.7984	64.6254	18.8317
-95.7487	63.9387	20.0042
-96.5869	63.2487	21.0898
-97.4804	62.4542	22.2855
-98.3446	61.6902	23.4390
-99.4205	60.7847	24.8452
-100.5538	59.8864	26.2913
-102.1427	58.6973	28.2759
-103.8664	57.5027	30.3731
-105.2980	56.4967	32.1228
-106.7295	55.4593	33.8907
-108.0031	54.5284	35.4682
-109.1728	53.6209	36.9487
-110.2989	52.6972	38.4052
-111.9643	51.3002	40.5789
-113.7526	49.6333	43.0236
-115.4401	47.8631	45.4693
-117.0011	45.9932	47.9051
-118.3111	44.1651	50.1541
-119.5333	42.0968	52.5565
-120.5858	39.7197	55.1562
-121.2575	37.4777	57.4967
-121.9207	34.8088	60.2468
-122.3194	32.7795	62.3149
-122.7733	30.2574	64.8775
-123.1402	27.8072	67.3550
-123.4157	25.2767	69.9004
-123.5901	22.7467	72.4364
-123.6870	20.4353	74.7499
-123.7276	18.0713	77.1142
-123.7330	15.3461	79.8394
-123.7188	12.4512	82.7344
-123.6986	10.0424	85.1433
-123.6751	7.7706	87.4152
-123.6475	5.3974	89.7885
-123.6162	2.8842	92.3019
-123.5861	0.5446	94.6417
-123.5559	-1.7950	96.9815
-123.5217	-4.5479	99.7346
-123.4922	-7.1622	102.3491
-123.4683	-9.8474	105.0344
-123.4583	-12.4971	107.6841
-123.4806	-14.6644	109.8515
-123.6165	-17.1472	112.3381
-123.8020	-19.5188	114.7169
-123.9937	-21.6911	116.8976
-124.1943	-23.8130	119.0290
-124.5049	-26.9126	122.1441
-124.9046	-30.6682	125.9209
-125.4689	-35.5924	130.8774
-126.0271	-39.7849	135.1069
-126.5748	-44.0142	139.3715
-127.1579	-49.0685	144.4593
-127.6780	-53.7219	149.1417
-128.2369	-58.8020	154.2524
-128.7635	-63.6377	159.1167
-129.2950	-68.5490	164.0567
-129.7972	-73.2106	168.7453
-130.3018	-77.9085	173.4702
-130.8489	-83.0127	178.6036
-131.3058	-87.2801	182.8954
-131.7395	-91.3334	186.9718
-132.0664	-94.1532	189.8105
-132.3049	-96.2755	191.9462
-132.5708	-98.7932	194.4779
-132.7962	-101.1733	196.8686
-132.9783	-103.4463	199.1489
-133.0631	-105.6132	201.3175
-133.1212	-107.9548	203.6598
-133.1743	-110.5351	206.2407
-133.2239	-113.2525	208.9585
-133.2639	-115.6286	211.3349
-133.3074	-118.3814	214.0881
-133.3511	-121.3057	217.0127
-133.4085	-125.3653	221.0727
-133.4710	-130.0473	225.7551
-133.5313	-134.8282	230.5364
-133.5884	-139.5795	235.2881
-133.6440	-144.4650	240.1739
-133.6932	-149.0766	244.7857
-133.7354	-153.8936	249.6029
-133.8258	-157.9205	253.6308
-133.8223	-161.1575	256.8678
-133.7660	-163.3239	259.0350
-133.6964	-164.8714	260.5840
-133.6189	-166.1467	261.8617
-133.5284	-167.3431	263.0615
-133.4242	-168.4926	264.2157
-133.2956	-169.6946	265.4246
-133.1463	-170.8889	266.6282
-132.9878	-171.9912	267.7418
-132.8204	-173.0192	268.7833
-132.5728	-174.3503	270.1373
-132.2961	-175.6369	271.4533
-132.0201	-176.7622	272.6120
-131.6936	-177.9353	273.8296
-131.3082	-179.1470	275.1012
-130.9066	-180.2522	276.2771
-130.4638	-181.3210	277.4340
-129.8771	-182.5424	278.7890
-129.3437	-183.4964	279.8820
-128.6495	-184.6444	281.2235
-127.9341	-185.8050	282.5869
-127.3687	-186.7024	283.6476
-126.6633	-187.7921	284.9456
-125.9991	-188.7829	286.1385
-125.1991	-189.9241	287.5322
-124.3817	-191.0245	288.9029
-123.6334	-191.9693	290.1082
-122.8853	-192.8515	291.2649
-121.8794	-193.9386	292.7459
-120.8347	-194.9512	294.2009
-119.9928	-195.6864	295.3186
-118.7033	-196.6867	296.9506
-117.3283	-197.6082	298.6058
-115.9079	-198.4307	300.2472
-114.6889	-199.0509	301.6149
-113.2744	-199.6906	303.1673
-111.9215	-200.2372	304.6264
-110.8068	-200.6391	305.8114
-109.5946	-201.0220	307.0826
-108.6237	-201.2925	308.0905
-107.5452	-201.5589	309.2014
-106.1662	-201.8523	310.6113
-105.1075	-202.0447	311.6873
-103.8179	-202.2439	312.9922
-102.7576	-202.3806	314.0613
-101.5952	-202.5045	315.2303
-100.3463	-202.6090	316.4835
-99.2129	-202.6795	317.6191
-97.9090	-202.7334	318.9241
-96.4293	-202.7605	320.4041
-95.1908	-202.7564	321.6426
-94.1940	-202.7353	322.6396
-92.7802	-202.6783	324.0546
-91.5391	-202.6008	325.2981
-89.2435	-202.3785	327.6044
-87.8195	-202.1831	329.0418
-85.6191	-201.8680	331.2646
-83.3649	-201.5413	333.5424
-80.7735	-201.1637	336.1611
-78.6023	-200.8463	338.3554
-76.2375	-200.5001	340.7454
-74.0762	-200.1834	342.9298
-72.0729	-199.8897	344.9545
-69.9579	-199.5794	347.0921
-67.4847	-199.2165	349.5918
-62.7836	-198.5269	354.3432
-58.1724	-197.8509	359.0037
-53.6511	-197.1889	363.5732
-49.2638	-196.5477	368.0071
-44.1712	-195.8053	373.1536
-39.5161	-195.1294	377.8575
-34.9070	-194.4637	382.5144
-30.6677	-193.8562	386.7970
-25.7958	-193.1681	391.7173
-19.5547	-192.3535	398.0113
-15.5536	-191.6818	402.0684
-11.8060	-190.7357	405.9336
-9.8112	-190.1421	408.0148
-6.7627	-189.1045	411.2351
-4.1551	-188.0594	414.0443
-1.9497	-187.0081	416.4875
0.5928	-185.4431	419.4730
2.5170	-183.9780	421.8915
4.5450	-182.3184	424.5120
6.4272	-180.5981	427.0619
8.3212	-178.5927	429.8203
10.0685	-176.3602	432.6553
11.4842	-174.1125	435.3117
12.5946	-171.8801	437.8050
13.5378	-169.3835	440.4738
14.2696	-166.8500	443.1109
14.9177	-163.9539	446.0786
15.3393	-161.3959	448.6712
15.6256	-158.9571	451.1267
15.8335	-156.2040	453.8876
15.9711	-146.7055	463.3871
15.9711	-137.1355	472.9571
15.9711	-127.9770	482.1156
15.9711	-118.3413	491.7513
15.9711	-108.7053	501.3873
15.9712	-98.9163	511.1763
16.0186	-89.6296	520.4632
16.0647	-80.5802	529.5127
16.1159	-70.5518	539.5412
16.1666	-60.6238	549.4693
16.2173	-50.6962	559.3971
16.2632	-41.6859	568.4075
16.5818	-32.3092	577.7896
16.9331	-22.6618	587.4434
17.2734	-14.4918	595.6205
17.8387	-3.8954	606.2319
18.2634	1.7675	611.9107
19.0967	8.2917	618.4879
20.7782	14.8480	625.2564
23.0382	22.6319	633.3618
24.7282	28.1623	639.1446
25.4223	30.3774	641.4660
26.2205	32.8862	644.0987
26.9160	35.0378	646.3599
27.6270	37.2036	648.6394
28.4074	39.5388	651.1016
29.2482	42.0013	653.7036
29.9898	44.1217	655.9500
30.8091	46.3988	658.3700
31.6544	48.6623	660.7862
33.1366	52.3385	664.7499
34.3014	54.9579	667.6166
35.4172	57.3684	670.2729
36.4451	59.5333	672.6694
37.4594	61.6315	674.9999
38.4843	63.7223	677.3284
39.5867	65.9452	679.8096
40.4144	67.5995	681.6594
41.5509	69.8542	684.1844
42.7140	72.1447	686.7533
43.8127	74.2956	689.1685
44.8264	76.2703	691.3882
45.9941	78.5356	693.9368
47.1048	80.6821	696.3536
48.0568	82.5166	698.4204
49.2917	84.8901	701.0960
50.3690	86.9559	703.4258
51.3571	88.8475	705.5599
52.4146	90.8691	707.8414
53.6691	93.2643	710.5452
54.7496	95.3256	712.8726
55.7394	97.2128	715.0036
56.7716	99.1805	717.2256
57.9378	101.8202	720.1114
58.9186	103.8790	722.3919
60.0479	106.1382	724.9176
61.2389	108.4396	727.5089
62.4622	110.7521	730.1251
63.5649	112.8145	732.4638
64.8775	115.2650	735.2437
66.7407	118.7813	739.2231
69.3657	123.9416	745.0127
70.8285	127.0124	748.4141
72.1822	130.0628	751.7514
73.1626	132.4608	754.3420
74.4440	135.9827	758.0898
75.4251	139.2125	761.4653
76.3853	143.5044	765.8633
76.9129	149.0060	771.3902
76.5910	153.1262	775.5229
75.4811	157.4480	779.9850
74.0439	160.8884	783.7135
72.1849	164.2010	787.5121
69.2038	168.2809	792.5651
65.6933	172.0219	797.6952
62.7573	174.5829	801.5912
59.3685	177.0622	805.7901
55.0402	179.6286	810.8221
51.2532	181.3994	815.0027
47.3979	182.7879	819.1004
43.6799	183.7472	822.9401
39.4282	184.3885	827.2399
35.0016	184.8345	831.6889
28.3636	185.5236	838.3626
22.1966	186.2148	844.5682
17.0687	186.8580	849.7363
14.7363	187.1670	852.0891
11.3299	187.5832	855.5208
8.1588	187.9047	858.7082
4.6825	188.1487	862.1930
1.0384	188.2277	865.8380
-2.1333	188.0711	869.0136
-5.8495	187.4087	872.7883
-8.2864	186.5647	875.3672
-10.5357	185.5574	877.8318
-12.5569	184.4606	880.1314
-14.5427	183.1835	882.4924
-16.3621	181.8035	884.7760
-18.1177	180.2253	887.1367
-19.6226	178.6062	889.3471
-21.1909	176.5179	891.9588
-22.4078	174.4079	894.3945
-23.2618	172.4052	896.5717
-24.0248	169.9582	899.1349
-24.5697	167.6485	901.5080
-24.9600	165.4643	903.7268
-25.2621	163.1606	906.0502
-25.4744	160.7603	908.4599
-25.5882	158.5589	910.6642
-25.6316	156.4221	912.8015
-25.6133	154.2548	914.9689
-25.5329	151.8960	917.3290
-25.5028	149.7116	919.5136
-25.4900	147.0277	922.1976
-25.4847	144.8448	924.3805
-25.4816	142.4601	926.7652
-25.4803	140.2212	929.0041
-25.4801	137.9828	931.2425
-25.4807	135.4522	933.7731
-25.4820	132.9704	936.2549
-25.4840	130.2451	938.9802
-25.4859	128.0066	941.2187
-25.4882	125.5732	943.6521
-25.5139	122.9533	946.2721
-25.5942	121.0213	948.2058
-25.8849	118.7799	950.4659
-26.4400	116.3568	952.9518
-27.1612	114.1654	955.2588
-28.2587	111.6376	958.0146
-29.5036	109.3537	960.6158
-30.9539	107.1347	963.2667
-32.6484	104.9237	966.0523
-33.8748	103.4928	967.9369
-35.3437	101.9156	970.0922
-36.9394	100.3529	972.3256
-38.6499	98.8322	974.6143
-40.1882	97.5859	976.5941
-42.0165	96.2378	978.8657
-44.0752	94.8738	981.3353
-46.5134	93.4447	984.1614
-48.7379	92.2966	986.6647
-50.9346	91.2922	989.0802
-53.1239	90.4680	991.4195
-55.3037	89.5454	993.7865
-57.3527	88.4595	996.1054
-59.3238	87.1456	998.4743
-61.1717	85.6870	1000.8285
-63.5532	83.6172	1003.9838
-66.4926	80.6118	1008.1876
-68.2798	78.7703	1010.7538
-70.0087	76.9431	1013.2693
-71.6709	75.4500	1015.5036
-73.3097	74.2481	1017.5359
-75.2013	73.0447	1019.7779
-77.4103	71.8053	1022.3108
