8.3109	-124.9036	0.0000
8.3617	-123.7866	1.1181
8.4110	-122.7195	2.1865
8.4559	-121.5071	3.3996
8.5083	-119.9956	4.9120
8.5433	-118.9440	5.9642
8.5744	-117.7851	7.1236
8.6261	-116.0692	8.8403
8.6607	-114.6581	10.2518
8.6870	-113.6578	11.2524
8.7112	-112.6095	12.3010
8.7319	-111.5141	13.3966
8.7651	-109.7790	15.1320
8.7807	-108.5630	16.3481
8.8009	-107.2969	17.6144
8.8147	-105.9837	18.9276
8.8315	-104.6254	20.2860
8.8438	-103.2200	21.6915
8.8557	-101.7686	23.1429
8.8665	-100.2729	24.6386
8.8755	-98.7327	26.1789
8.8832	-97.1489	27.7627
8.8929	-94.6941	30.2175
8.8989	-93.0044	31.9073
8.9036	-91.2753	33.6364
8.9093	-89.5072	35.4044
8.9183	-87.7021	37.2096
8.9295	-85.9462	38.9656
8.9425	-84.0623	40.8495
8.9481	-83.0102	41.9016
8.9581	-81.0723	43.8395
8.9670	-79.1080	45.8039
8.9767	-77.1107	47.8011
8.9864	-75.1891	49.7228
8.9930	-74.1679	50.7440
8.9996	-73.1371	51.7748
9.0048	-72.1022	52.8098
9.0124	-71.0583	53.8537
9.0203	-70.0080	54.9040
9.0297	-68.8460	56.0660
9.0369	-67.7824	57.1296
9.0438	-66.7150	58.1971
9.0486	-64.6766	60.2355
9.0516	-63.5970	61.3151
9.0565	-62.5128	62.3993
9.0611	-61.4238	63.4883
9.0641	-60.3291	64.5830
9.0667	-59.2284	65.6837
9.0696	-58.1243	66.7878
9.0731	-57.0169	67.8952
9.0803	-54.7882	70.1239
9.0846	-53.6671	71.2451
9.0893	-52.5427	72.3694
9.0954	-51.4152	73.4969
9.1016	-50.2839	74.6282
9.1071	-49.1490	75.7632
9.1125	-48.0080	76.9042
9.1191	-46.8659	78.0463
9.1260	-45.7204	79.1918
9.1413	-43.4217	81.4906
9.1498	-42.2664	82.6459
9.1583	-41.1078	83.8046
9.1677	-39.9472	84.9652
9.1783	-38.7855	86.1269
9.1928	-37.6218	87.2908
9.2069	-36.4554	88.4573
9.2210	-35.2866	89.6261
9.2356	-34.1161	90.7967
9.2636	-31.7677	93.1453
9.2803	-30.5913	94.3218
9.2943	-29.4127	95.5004
9.3081	-28.2309	96.6823
9.3255	-27.0456	97.8678
9.3396	-25.8629	99.0506
9.3539	-24.6798	100.2338
9.3710	-23.4966	101.4171
9.3829	-22.3102	102.6036
9.4077	-19.9328	104.9811
9.4198	-18.7425	106.1715
9.4301	-17.5511	107.3629
9.4448	-16.3609	108.5532
9.4548	-15.1710	109.7431
9.4653	-13.9824	110.9318
9.4805	-12.7965	112.1178
9.4922	-11.6128	113.3015
9.5038	-10.4321	114.4822
9.5295	-8.0830	116.8315
9.5392	-6.9139	118.0006
9.5513	-5.7490	119.1656
9.5602	-4.5898	120.3248
9.5682	-3.4359	121.4787
9.5779	-2.2875	122.6272
9.5868	-1.1440	123.7708
9.5960	-0.0063	124.9085
9.6061	1.1246	126.0395
9.6165	2.2494	127.1643
9.6279	3.3691	128.2840
9.6399	4.4832	129.3982
9.6615	6.6934	131.6086
9.6721	7.7873	132.7025
9.6833	8.8737	133.7890
9.6937	9.9552	134.8705
9.7046	11.0311	135.9464
9.7111	12.1007	137.0161
9.7145	13.1633	138.0787
9.7169	14.2199	139.1352
9.7156	15.2697	140.1851
9.7109	16.3138	141.2292
9.6911	18.3839	143.2993
9.6775	19.4094	144.3249
9.6613	20.4281	145.3438
9.6410	21.4401	146.3560
9.6181	22.4464	147.3625
9.5927	23.4473	148.3638
9.5361	25.4309	150.3482
9.4347	28.3609	153.2800
9.3563	30.2841	155.2048
9.2681	32.1835	157.1061
9.1728	34.0578	158.9829
9.0754	35.9087	160.8364
8.9725	37.7360	162.6666
8.8681	39.4492	164.3829
8.7549	41.2302	166.1675
8.6439	42.9893	167.9301
8.5289	44.8106	169.7551
8.4236	46.5228	171.4705
8.2728	48.9630	173.9154
8.1738	50.6217	175.5770
8.0770	52.2562	177.2143
7.9829	53.8695	178.8304
7.8899	55.4633	180.4269
7.7569	57.8268	182.7942
7.6721	59.3948	184.3644
7.5901	60.9672	185.9390
7.5129	62.5476	187.5213
7.4401	64.1423	189.1176
7.3404	66.5599	191.5373
7.2799	68.1919	193.1704
7.2249	69.8386	194.8180
7.1747	71.5023	196.4825
7.1418	72.6764	197.6570
7.0895	74.8769	199.8581
7.0537	76.5885	201.5701
7.0240	78.3149	203.2968
6.9991	80.0572	205.0392
6.9830	81.2872	206.2693
6.9631	83.5847	208.5669
6.9543	85.3634	210.3457
6.9500	87.1481	212.1304
6.9541	88.9329	213.9152
6.9654	90.7169	215.6993
6.9819	92.4993	217.4817
7.0042	94.2787	219.2612
7.0341	96.0529	221.0356
7.0696	97.8252	222.8084
7.1112	99.5919	224.5755
7.1605	101.3518	226.3361
7.2125	103.1044	228.0895
7.2721	104.8424	229.8285
7.3392	106.5630	231.5505
7.4120	108.2673	233.2563
7.4938	109.9499	234.9409
7.5856	111.6129	236.6064
7.6879	113.2525	238.2492
7.7985	114.8674	239.8679
7.9244	116.4559	241.4614
8.0576	117.9413	242.9527
8.2250	119.5570	244.5771
8.4034	121.0688	246.0993
8.5974	122.5550	247.5981
8.8124	124.0152	249.0741
9.0434	125.4509	250.5283
9.4181	127.4839	252.5955
9.7043	128.8566	253.9977
10.0314	130.2772	255.4555
10.3746	131.6192	256.8407
10.7465	132.9498	258.2223
11.1305	134.2056	259.5355
11.5658	135.5246	260.9244
12.0413	136.8349	262.3184
12.5783	138.2083	263.7930
13.1265	139.5169	265.2118
13.6887	140.7508	266.5677
14.3134	142.0428	268.0029
14.9822	143.3247	269.4487
15.6851	144.5960	270.9014
16.4187	145.8429	272.3481
17.1840	147.0698	273.7941
18.3786	148.8471	275.9356
19.2085	149.9870	277.3456
20.0583	151.0913	278.7390
20.9272	152.1625	280.1183
21.8199	153.2031	281.4893
22.7392	154.2163	282.8574
23.6874	155.2046	284.2271
24.6670	156.1597	285.5953
25.6702	157.0858	286.9605
26.6989	157.9825	288.3252
28.2863	159.2686	290.3682
29.3835	160.0882	291.7377
30.5093	160.8788	293.1133
31.6557	161.6377	294.4882
32.8221	162.3480	295.8539
34.0054	163.0044	297.2071
35.2048	163.6016	298.5469