-20.3584	-182.8786	90.4913
-19.4843	-182.2562	91.5645
-18.6257	-181.6211	92.6324
-17.7853	-180.9739	93.6931
-16.9620	-180.3145	94.7479
-16.1533	-179.6433	95.7989
-15.3603	-178.9637	96.8433
-14.5837	-178.2752	97.8811
-13.8217	-177.5798	98.9127
-13.0722	-176.8775	99.9398
-12.3399	-176.1667	100.9604
-11.6243	-175.4475	101.9749
-10.9255	-174.7228	102.9817
-10.2409	-173.9911	103.9837
-9.4985	-173.1708	105.0900
-8.7736	-172.3438	106.1898
-8.0625	-171.5132	107.2832
-7.3671	-170.6798	108.3687
-6.6862	-169.8382	109.4512
-6.0177	-168.9904	110.5308
-5.3590	-168.1369	111.6090
-4.7074	-167.2757	112.6889
-4.0625	-166.4083	113.7697
-3.4221	-165.5344	114.8531
-2.7844	-164.6541	115.9402
-2.1534	-163.7652	117.0303
-1.5333	-162.8639	118.1243
-0.9242	-161.9473	119.2248
-0.3238	-161.0172	120.3319
0.2053	-160.1666	121.3336
0.7227	-159.3017	122.3415
1.2298	-158.4232	123.3558
1.7222	-157.5296	124.3760
2.2002	-156.6208	125.4030
2.6635	-155.6973	126.4361
3.1080	-154.7586	127.4748
3.5358	-153.8041	128.5208
3.9427	-152.8333	129.5733
4.3284	-151.8453	130.6340
4.6938	-150.8422	131.7016
5.0391	-149.8257	132.7751
5.3645	-148.7959	133.8551
5.6709	-147.7530	134.9420
5.9578	-146.6964	136.0369
6.2247	-145.6283	137.1379
6.4740	-144.5475	138.2471
6.7052	-143.4569	139.3619
6.9162	-142.3564	140.4825
7.0891	-141.3698	141.4841
7.2479	-140.3753	142.4911
7.3927	-139.3716	143.5052
7.5251	-138.3604	144.5251
7.6464	-137.3418	145.5509
7.7571	-136.3149	146.5838
7.8573	-135.2807	147.6228
7.9488	-134.2392	148.6683
8.0310	-133.1886	149.7221
8.1018	-132.1292	150.7839
8.1642	-131.0605	151.8544
8.2196	-129.9792	152.9371
8.2676	-128.8875	154.0299
8.3093	-127.7858	155.1323
8.3439	-126.6724	156.2463
8.3712	-125.5486	157.3705
8.3922	-124.4147	158.5045
8.4057	-123.4129	159.5065
8.4165	-122.4037	160.5157
8.4248	-121.3883	161.5311
8.4316	-120.3651	162.5543
8.4380	-119.3353	163.5842
8.4441	-118.2989	164.6206
8.4492	-117.2541	165.6654
8.4530	-116.2031	166.7164
8.4569	-115.1452	167.7743
8.4605	-114.0793	168.8402
8.4638	-113.0071	169.9124
8.4657	-111.9280	170.9915
8.4682	-110.8423	172.0772
8.4705	-109.7504	173.1691
8.4717	-108.6525	174.2671
8.4733	-107.5477	175.3719
8.4754	-106.4367	176.4828
8.4776	-105.3188	177.6007
8.4796	-104.1958	178.7237
8.4812	-103.0677	179.8518
8.4833	-101.9341	180.9854
8.4866	-100.7940	182.1255
8.4899	-99.6487	183.2708
8.4942	-98.4980	184.4216
8.5012	-97.3416	185.5780
8.5088	-96.1805	186.7391
8.5172	-95.0135	187.9061
8.5244	-94.0083	188.9114
8.5310	-93.0005	189.9191
8.5362	-91.9902	190.9295
8.5396	-90.9731	191.9466
8.5430	-89.9538	192.9659
8.5467	-88.9324	193.9873
8.5508	-87.9075	195.0122
8.5562	-86.8791	196.0406
8.5640	-85.8468	197.0730
8.5731	-84.8113	198.1084
8.5832	-83.7726	199.1472
8.5931	-82.7307	200.1892
8.6027	-81.6861	201.2339
8.6119	-80.6386	202.2813
8.6272	-79.5823	203.3378
8.6418	-78.5229	204.3973
8.6544	-77.4627	205.4575
8.6666	-76.3998	206.5205
8.6785	-75.3344	207.5860
8.6912	-74.2655	208.6549
8.7036	-73.1938	209.7267
8.7155	-72.1186	210.8020
8.7282	-71.0403	211.8804
8.7407	-69.9594	212.9613
8.7530	-68.8756	214.0452
8.7644	-67.7891	215.1318
8.7755	-66.7000	216.2210
8.7867	-65.6082	217.3128
8.7975	-64.5138	218.4072
8.8076	-63.4170	219.5041
8.8189	-62.3170	220.6041
8.8310	-61.2138	221.7074
8.8433	-60.1080	222.8132
8.8562	-58.9998	223.9215
8.8698	-57.8894	225.0321
8.8834	-56.7765	226.1451
8.8973	-55.6606	227.2611
8.9118	-54.5420	228.3797
8.9279	-53.4187	229.5031
8.9453	-52.2918	230.6302
8.9628	-51.1628	231.7593
8.9797	-50.0316	232.8907