-77.3978, 71.3458, 0.000
-79.11, 71.0006, 1.747
-80.7147, 70.8225, 3.361
-82.4088, 70.7027, 5.060
-84.6308, 70.5525, 7.287
-86.1075, 70.3159, 8.782
-88.0161, 69.8108, 10.756
-90.0145, 69.026, 12.903
-91.3848, 68.3051, 14.452
-93.1619, 66.9436, 16.690
-94.091, 65.7167, 18.229
-94.9066, 64.5485, 19.654
-95.4834, 63.715, 20.668
-96.1574, 62.7467, 21.848
-96.8586, 61.7559, 23.061
-97.6679, 60.6491, 24.433
-98.6081, 59.4483, 25.958
-99.9754, 58.1342, 27.854
-101.8976, 57.1952, 29.993
-103.8512, 56.2117, 32.181
-105.0818, 55.5823, 33.563
-106.579, 54.8046, 35.250
-108.003, 54.0472, 36.863
-109.0912, 53.4471, 38.105
-110.2989, 52.6972, 39.527
-111.9643, 51.3002, 41.701
-113.7526, 49.6333, 44.146
-115.4401, 47.8631, 46.591
-117.0011, 45.9932, 49.027
-118.3111, 44.1651, 51.276
-119.5333, 42.0968, 53.678
-120.5858, 39.7197, 56.278
-121.2575, 37.4777, 58.619
-121.9207, 34.8088, 61.369
-122.3194, 32.7795, 63.437
-122.7733, 30.2574, 65.999
-123.1402, 27.8072, 68.477
-123.4157, 25.2767, 71.022
-123.5901, 22.7467, 73.558
-123.687, 20.4353, 75.872
-123.7276, 18.0713, 78.236
-123.733, 15.3461, 80.961
-123.7188, 12.4512, 83.856
-123.6986, 10.0424, 86.265
-123.6751, 7.7706, 88.537
-123.6475, 5.3974, 90.910
-123.6162, 2.8842, 93.424
-123.5861, 0.5446, 95.764
-123.5559, -1.795, 98.103
-123.5217, -4.5479, 100.857
-123.4922, -7.1622, 103.471
-123.4683, -9.8474, 106.156
-123.4583, -12.4971, 108.806
-123.4806, -14.6644, 110.973
-123.6165, -17.1472, 113.460
-123.802, -19.5188, 115.839
-123.9937, -21.6911, 118.020
-124.1943, -23.813, 120.151
-124.5049, -26.9126, 123.266
-124.9046, -30.6682, 127.043
-125.4689, -35.5924, 131.999
-126.0271, -39.7849, 136.229
-126.5748, -44.0142, 140.493
-127.1579, -49.0685, 145.581
-127.678, -53.7219, 150.264
-128.2369, -58.802, 155.374
-128.7635, -63.6377, 160.239
-129.295, -68.549, 165.179
-129.7972, -73.2106, 169.867
-130.3018, -77.9085, 174.592
-130.8489, -83.0127, 179.726
-131.3058, -87.2801, 184.017
-131.7395, -91.3334, 188.094
-132.0664, -94.1532, 190.932
-132.3049, -96.2755, 193.068
-132.5708, -98.7932, 195.600
-132.7962, -101.1733, 197.991
-132.9783, -103.4463, 200.271
-133.0631, -105.6132, 202.439
-133.1212, -107.9548, 204.782
-133.1743, -110.5351, 207.363
-133.2239, -113.2525, 210.080
-133.2639, -115.6286, 212.457
-133.3074, -118.3814, 215.210
-133.3511, -121.3057, 218.135
-133.4085, -125.3653, 222.195
-133.471, -130.0473, 226.877
-133.5313, -134.8282, 231.658
-133.5884, -139.5795, 236.410
-133.644, -144.465, 241.296
-133.6932, -149.0766, 245.908
-133.7354, -153.8936, 250.725
-133.8258, -157.9205, 254.753
-133.8223, -161.1575, 257.990
-133.766, -163.3239, 260.157
-133.6964, -164.8714, 261.706
-133.6189, -166.1467, 262.984
-133.5284, -167.3431, 264.183
-133.4242, -168.4926, 265.338
-133.2956, -169.6946, 266.546
-133.1463, -170.8889, 267.750
-132.9878, -171.9912, 268.864
-132.8204, -173.0192, 269.905
-132.5728, -174.3503, 271.259
-132.2961, -175.6369, 272.575
-132.0201, -176.7622, 273.734
-131.6936, -177.9353, 274.952
-131.3082, -179.147, 276.223
-130.9066, -180.2522, 277.399
-130.4638, -181.321, 278.556
-129.8771, -182.5424, 279.911
-129.3437, -183.4964, 281.004
-128.6495, -184.6444, 282.345
-127.9341, -185.805, 283.709
-127.3687, -186.7024, 284.769
-126.6633, -187.7921, 286.068
-125.9991, -188.7829, 287.260
-125.1991, -189.9241, 288.654
-124.3817, -191.0245, 290.025
-123.6334, -191.9693, 291.230
-122.8853, -192.8515, 292.387
-121.8794, -193.9386, 293.868
-120.8347, -194.9512, 295.323
-119.9928, -195.6864, 296.440
-118.7033, -196.6867, 298.072
-117.3283, -197.6082, 299.728
-115.9079, -198.4307, 301.369
-114.6889, -199.0509, 302.737
-113.2744, -199.6906, 304.289
-111.9215, -200.2372, 305.748
-110.8068, -200.6391, 306.933
-109.5946, -201.022, 308.205
-108.6237, -201.2925, 309.212
-107.5452, -201.5589, 310.323
-106.1662, -201.8523, 311.733
-105.1075, -202.0447, 312.809
-103.8179, -202.2439, 314.114
-102.7576, -202.3806, 315.183
-101.5952, -202.5045, 316.352
-100.3463, -202.609, 317.605
-99.2129, -202.6795, 318.741
-97.909, -202.7334, 320.046
-96.4293, -202.7605, 321.526
-95.1908, -202.7564, 322.764
-94.194, -202.7353, 323.762
-92.7802, -202.6783, 325.176
-91.5391, -202.6008, 326.420
-89.2435, -202.3785, 328.726
-87.8195, -202.1831, 330.164
-85.6191, -201.868, 332.387
-83.3649, -201.5413, 334.664
-80.7735, -201.1637, 337.283
-78.6023, -200.8463, 339.477
-76.2375, -200.5001, 341.867
-74.0762, -200.1834, 344.052
-72.0729, -199.8897, 346.076
-69.9579, -199.5794, 348.214
-67.4847, -199.2165, 350.714
-62.7836, -198.5269, 355.465
-58.1724, -197.8509, 360.126
-53.6511, -197.1889, 364.695
-49.2638, -196.5477, 369.129
-44.1712, -195.8053, 374.275
-39.5161, -195.1294, 378.979
-34.907, -194.4637, 383.636
-30.6677, -193.8562, 387.919
-25.7958, -193.1681, 392.839
-19.5547, -192.3535, 399.133
-15.5536, -191.6818, 403.190
-11.806, -190.7357, 407.055
-9.8112, -190.1421, 409.137
-6.7627, -189.1045, 412.357
-4.1551, -188.0594, 415.166
-1.9497, -187.0081, 417.609
0.5928, -185.4431, 420.595
2.517, -183.978, 423.013
4.545, -182.3184, 425.634
6.4272, -180.5981, 428.184
8.3212, -178.5927, 430.942
10.0685, -176.3602, 433.777
11.4842, -174.1125, 436.434
12.5946, -171.8801, 438.927
13.5378, -169.3835, 441.596
14.2696, -166.85, 444.233
14.9177, -163.9539, 447.201
15.3393, -161.3959, 449.793
15.6256, -158.9571, 452.249
15.8335, -156.204, 455.010
15.9711, -146.7055, 464.509
15.9711, -137.1355, 474.079
15.9711, -127.977, 483.238
15.9711, -118.3413, 492.873
15.9711, -108.7053, 502.509
15.9712, -98.9163, 512.298
16.0186, -89.6296, 521.585
16.0647, -80.5802, 530.635
16.1159, -70.5518, 540.663
16.1666, -60.6238, 550.591
16.2173, -50.6962, 560.519
16.2632, -41.6859, 569.529
16.5818, -32.3092, 578.911
16.9331, -22.6618, 588.565
17.2734, -14.4918, 596.742
17.8387, -3.8954, 607.354
18.2634, 1.7675, 613.033
19.0967, 8.2917, 619.610
20.7782, 14.848, 626.378
23.0382, 22.6319, 634.484
24.7282, 28.1623, 640.267
25.4223, 30.3774, 642.588
26.2205, 32.8862, 645.221
26.916, 35.0378, 647.482
27.627, 37.2036, 649.761
28.4074, 39.5388, 652.223
29.2482, 42.0013, 654.826
29.9898, 44.1217, 657.072
30.8091, 46.3988, 659.492
31.6544, 48.6623, 661.908
33.1366, 52.3385, 665.872
34.3014, 54.9579, 668.739
35.4172, 57.3684, 671.395
36.4451, 59.5333, 673.791
37.4594, 61.6315, 676.122
38.4843, 63.7223, 678.450
39.5867, 65.9452, 680.932
40.4144, 67.5995, 682.781
41.5509, 69.8542, 685.306
42.714, 72.1447, 687.875
43.8127, 74.2956, 690.290
44.8264, 76.2703, 692.510
45.9941, 78.5356, 695.059
47.1048, 80.6821, 697.476
48.0568, 82.5166, 699.542
49.2917, 84.8901, 702.218
50.369, 86.9559, 704.548
51.3571, 88.8475, 706.682
52.4146, 90.8691, 708.963
53.6691, 93.2643, 711.667
54.7496, 95.3256, 713.994
55.7394, 97.2128, 716.125
56.7716, 99.1805, 718.347
57.9378, 101.8202, 721.233
58.9186, 103.879, 723.514
60.0479, 106.1382, 726.040
61.2389, 108.4396, 728.631
62.4622, 110.7521, 731.247
63.5649, 112.8145, 733.586
64.8775, 115.265, 736.366
66.7407, 118.7813, 740.345
69.3657, 123.9416, 746.135
70.8285, 127.0124, 749.536
72.1822, 130.0628, 752.873
73.1626, 132.4608, 755.464
74.444, 135.9827, 759.212
75.4251, 139.2125, 762.587
76.3853, 143.5044, 766.985
76.9129, 149.006, 772.512
76.591, 153.1262, 776.645
75.4811, 157.448, 781.107
74.0439, 160.8884, 784.835
72.1849, 164.201, 788.634
69.2038, 168.2809, 793.687
65.6933, 172.0219, 798.817
62.7573, 174.5829, 802.713
59.3685, 177.0622, 806.912
55.0402, 179.6286, 811.944
51.2532, 181.3994, 816.125
47.3979, 182.7879, 820.222
43.6799, 183.7472, 824.062
39.4282, 184.3885, 828.362
35.0016, 184.8345, 832.811
28.3636, 185.5236, 839.485
22.1966, 186.2148, 845.690
17.0687, 186.858, 850.858
14.7363, 187.167, 853.211
11.3299, 187.5832, 856.643
8.1588, 187.9047, 859.830
4.6825, 188.1487, 863.315
1.0384, 188.2277, 866.960
-2.1333, 188.0711, 870.135
-5.8495, 187.4087, 873.910
-8.2864, 186.5647, 876.489
-10.5357, 185.5574, 878.954
-12.5569, 184.4606, 881.253
-14.5427, 183.1835, 883.614
-16.3621, 181.8035, 885.898
-18.1177, 180.2253, 888.259
-19.6226, 178.6062, 890.469
-21.1909, 176.5179, 893.081
-22.4078, 174.4079, 895.516
-23.2618, 172.4052, 897.694
-24.0248, 169.9582, 900.257
-24.5697, 167.6485, 902.630
-24.96, 165.4643, 904.849
-25.2621, 163.1606, 907.172
-25.4744, 160.7603, 909.582
-25.5882, 158.5589, 911.786
-25.6316, 156.4221, 913.923
-25.6133, 154.2548, 916.091
-25.5329, 151.896, 918.451
-25.5028, 149.7116, 920.636
-25.49, 147.0277, 923.319
-25.4847, 144.8448, 925.502
-25.4816, 142.4601, 927.887
-25.4803, 140.2212, 930.126
-25.4801, 137.9828, 932.364
-25.4807, 135.4522, 934.895
-25.482, 132.9704, 937.377
-25.484, 130.2451, 940.102
-25.4859, 128.0066, 942.341
-25.4882, 125.5732, 944.774
-25.5139, 122.9533, 947.394
-25.5942, 121.0213, 949.328
-25.8849, 118.7799, 951.588
-26.44, 116.3568, 954.074
-27.1612, 114.1654, 956.381
-28.2587, 111.6376, 959.137
-29.5036, 109.3537, 961.738
-30.9539, 107.1347, 964.389
-32.6484, 104.9237, 967.174
-33.8748, 103.4928, 969.059
-35.3437, 101.9156, 971.214
-36.9394, 100.3529, 973.447
-38.6499, 98.8322, 975.736
-40.1882, 97.5859, 977.716
-42.0165, 96.2378, 979.988
-44.0752, 94.8738, 982.457
-46.5134, 93.4447, 985.283
-48.7379, 92.2966, 987.787
-50.9346, 91.2922, 990.202
-53.1239, 90.468, 992.541
-55.3037, 89.5454, 994.908
-57.3527, 88.4595, 997.227
-59.3238, 87.1456, 999.596
-61.1717, 85.687, 1001.950
-63.4454, 83.6153, 1005.026
-66.4231, 80.5096, 1009.329
-67.9835, 78.7506, 1011.680
-69.707, 76.7587, 1014.314
-71.4367, 74.791, 1016.934
-72.9601, 73.5279, 1018.913
-74.8756, 72.4501, 1021.111
-77.3978, 71.3458, 1023.864
