  -7.7397800e+01   7.1345800e+01   0.0000000e+00
  -7.9110000e+01   7.1000600e+01   1.7470000e+00
  -8.0714700e+01   7.0822500e+01   3.3610000e+00
  -8.2408800e+01   7.0702700e+01   5.0600000e+00
  -8.4630800e+01   7.0552500e+01   7.2870000e+00
  -8.6107500e+01   7.0315900e+01   8.7820000e+00
  -8.8016100e+01   6.9810800e+01   1.0756000e+01
  -9.0014500e+01   6.9026000e+01   1.2903000e+01
  -9.1384800e+01   6.8305100e+01   1.4452000e+01
  -9.3161900e+01   6.6943600e+01   1.6690000e+01
  -9.4091000e+01   6.5716700e+01   1.8229000e+01
  -9.4906600e+01   6.4548500e+01   1.9654000e+01
  -9.5483400e+01   6.3715000e+01   2.0668000e+01
  -9.6157400e+01   6.2746700e+01   2.1848000e+01
  -9.6858600e+01   6.1755900e+01   2.3061000e+01
  -9.7667900e+01   6.0649100e+01   2.4433000e+01
  -9.8608100e+01   5.9448300e+01   2.5958000e+01
  -9.9975400e+01   5.8134200e+01   2.7854000e+01
  -1.0189760e+02   5.7195200e+01   2.9993000e+01
  -1.0385120e+02   5.6211700e+01   3.2181000e+01
  -1.0508180e+02   5.5582300e+01   3.3563000e+01
  -1.0657900e+02   5.4804600e+01   3.5250000e+01
  -1.0800300e+02   5.4047200e+01   3.6863000e+01
  -1.0909120e+02   5.3447100e+01   3.8105000e+01
  -1.1029890e+02   5.2697200e+01   3.9527000e+01
  -1.1196430e+02   5.1300200e+01   4.1701000e+01
  -1.1375260e+02   4.9633300e+01   4.4146000e+01
  -1.1544010e+02   4.7863100e+01   4.6591000e+01
  -1.1700110e+02   4.5993200e+01   4.9027000e+01
  -1.1831110e+02   4.4165100e+01   5.1276000e+01
  -1.1953330e+02   4.2096800e+01   5.3678000e+01
  -1.2058580e+02   3.9719700e+01   5.6278000e+01
  -1.2125750e+02   3.7477700e+01   5.8619000e+01
  -1.2192070e+02   3.4808800e+01   6.1369000e+01
  -1.2231940e+02   3.2779500e+01   6.3437000e+01
  -1.2277330e+02   3.0257400e+01   6.5999000e+01
  -1.2314020e+02   2.7807200e+01   6.8477000e+01
  -1.2341570e+02   2.5276700e+01   7.1022000e+01
  -1.2359010e+02   2.2746700e+01   7.3558000e+01
  -1.2368700e+02   2.0435300e+01   7.5872000e+01
  -1.2372760e+02   1.8071300e+01   7.8236000e+01
  -1.2373300e+02   1.5346100e+01   8.0961000e+01
  -1.2371880e+02   1.2451200e+01   8.3856000e+01
  -1.2369860e+02   1.0042400e+01   8.6265000e+01
  -1.2367510e+02   7.7706000e+00   8.8537000e+01
  -1.2364750e+02   5.3974000e+00   9.0910000e+01
  -1.2361620e+02   2.8842000e+00   9.3424000e+01
  -1.2358610e+02   5.4460000e-01   9.5764000e+01
  -1.2355590e+02  -1.7950000e+00   9.8103000e+01
  -1.2352170e+02  -4.5479000e+00   1.0085700e+02
  -1.2349220e+02  -7.1622000e+00   1.0347100e+02
  -1.2346830e+02  -9.8474000e+00   1.0615600e+02
  -1.2345830e+02  -1.2497100e+01   1.0880600e+02
  -1.2348060e+02  -1.4664400e+01   1.1097300e+02
  -1.2361650e+02  -1.7147200e+01   1.1346000e+02
  -1.2380200e+02  -1.9518800e+01   1.1583900e+02
  -1.2399370e+02  -2.1691100e+01   1.1802000e+02
  -1.2419430e+02  -2.3813000e+01   1.2015100e+02
  -1.2450490e+02  -2.6912600e+01   1.2326600e+02
  -1.2490460e+02  -3.0668200e+01   1.2704300e+02
  -1.2546890e+02  -3.5592400e+01   1.3199900e+02
  -1.2602710e+02  -3.9784900e+01   1.3622900e+02
  -1.2657480e+02  -4.4014200e+01   1.4049300e+02
  -1.2715790e+02  -4.9068500e+01   1.4558100e+02
  -1.2767800e+02  -5.3721900e+01   1.5026400e+02
  -1.2823690e+02  -5.8802000e+01   1.5537400e+02
  -1.2876350e+02  -6.3637700e+01   1.6023900e+02
  -1.2929500e+02  -6.8549000e+01   1.6517900e+02
  -1.2979720e+02  -7.3210600e+01   1.6986700e+02
  -1.3030180e+02  -7.7908500e+01   1.7459200e+02
  -1.3084890e+02  -8.3012700e+01   1.7972600e+02
  -1.3130580e+02  -8.7280100e+01   1.8401700e+02
  -1.3173950e+02  -9.1333400e+01   1.8809400e+02
  -1.3206640e+02  -9.4153200e+01   1.9093200e+02
  -1.3230490e+02  -9.6275500e+01   1.9306800e+02
  -1.3257080e+02  -9.8793200e+01   1.9560000e+02
  -1.3279620e+02  -1.0117330e+02   1.9799100e+02
  -1.3297830e+02  -1.0344630e+02   2.0027100e+02
  -1.3306310e+02  -1.0561320e+02   2.0243900e+02
  -1.3312120e+02  -1.0795480e+02   2.0478200e+02
  -1.3317430e+02  -1.1053510e+02   2.0736300e+02
  -1.3322390e+02  -1.1325250e+02   2.1008000e+02
  -1.3326390e+02  -1.1562860e+02   2.1245700e+02
  -1.3330740e+02  -1.1838140e+02   2.1521000e+02
  -1.3335110e+02  -1.2130570e+02   2.1813500e+02
  -1.3340850e+02  -1.2536530e+02   2.2219500e+02
  -1.3347100e+02  -1.3004730e+02   2.2687700e+02
  -1.3353130e+02  -1.3482820e+02   2.3165800e+02
  -1.3358840e+02  -1.3957950e+02   2.3641000e+02
  -1.3364400e+02  -1.4446500e+02   2.4129600e+02
  -1.3369320e+02  -1.4907660e+02   2.4590800e+02
  -1.3373540e+02  -1.5389360e+02   2.5072500e+02
  -1.3382580e+02  -1.5792050e+02   2.5475300e+02
  -1.3382230e+02  -1.6115750e+02   2.5799000e+02
  -1.3376600e+02  -1.6332390e+02   2.6015700e+02
  -1.3369640e+02  -1.6487140e+02   2.6170600e+02
  -1.3361890e+02  -1.6614670e+02   2.6298400e+02
  -1.3352840e+02  -1.6734310e+02   2.6418300e+02
  -1.3342420e+02  -1.6849260e+02   2.6533800e+02
  -1.3329560e+02  -1.6969460e+02   2.6654600e+02
  -1.3314630e+02  -1.7088890e+02   2.6775000e+02
  -1.3298780e+02  -1.7199120e+02   2.6886400e+02
  -1.3282040e+02  -1.7301920e+02   2.6990500e+02
  -1.3257280e+02  -1.7435030e+02   2.7125900e+02
  -1.3229610e+02  -1.7563690e+02   2.7257500e+02
  -1.3202010e+02  -1.7676220e+02   2.7373400e+02
  -1.3169360e+02  -1.7793530e+02   2.7495200e+02
  -1.3130820e+02  -1.7914700e+02   2.7622300e+02
  -1.3090660e+02  -1.8025220e+02   2.7739900e+02
  -1.3046380e+02  -1.8132100e+02   2.7855600e+02
  -1.2987710e+02  -1.8254240e+02   2.7991100e+02
  -1.2934370e+02  -1.8349640e+02   2.8100400e+02
  -1.2864950e+02  -1.8464440e+02   2.8234500e+02
  -1.2793410e+02  -1.8580500e+02   2.8370900e+02
  -1.2736870e+02  -1.8670240e+02   2.8476900e+02
  -1.2666330e+02  -1.8779210e+02   2.8606800e+02
  -1.2599910e+02  -1.8878290e+02   2.8726000e+02
  -1.2519910e+02  -1.8992410e+02   2.8865400e+02
  -1.2438170e+02  -1.9102450e+02   2.9002500e+02
  -1.2363340e+02  -1.9196930e+02   2.9123000e+02
  -1.2288530e+02  -1.9285150e+02   2.9238700e+02
  -1.2187940e+02  -1.9393860e+02   2.9386800e+02
  -1.2083470e+02  -1.9495120e+02   2.9532300e+02
  -1.1999280e+02  -1.9568640e+02   2.9644000e+02
  -1.1870330e+02  -1.9668670e+02   2.9807200e+02
  -1.1732830e+02  -1.9760820e+02   2.9972800e+02
  -1.1590790e+02  -1.9843070e+02   3.0136900e+02
  -1.1468890e+02  -1.9905090e+02   3.0273700e+02
  -1.1327440e+02  -1.9969060e+02   3.0428900e+02
  -1.1192150e+02  -2.0023720e+02   3.0574800e+02
  -1.1080680e+02  -2.0063910e+02   3.0693300e+02
  -1.0959460e+02  -2.0102200e+02   3.0820500e+02
  -1.0862370e+02  -2.0129250e+02   3.0921200e+02
  -1.0754520e+02  -2.0155890e+02   3.1032300e+02
  -1.0616620e+02  -2.0185230e+02   3.1173300e+02
  -1.0510750e+02  -2.0204470e+02   3.1280900e+02
  -1.0381790e+02  -2.0224390e+02   3.1411400e+02
  -1.0275760e+02  -2.0238060e+02   3.1518300e+02
  -1.0159520e+02  -2.0250450e+02   3.1635200e+02
  -1.0034630e+02  -2.0260900e+02   3.1760500e+02
  -9.9212900e+01  -2.0267950e+02   3.1874100e+02
  -9.7909000e+01  -2.0273340e+02   3.2004600e+02
  -9.6429300e+01  -2.0276050e+02   3.2152600e+02
  -9.5190800e+01  -2.0275640e+02   3.2276400e+02
  -9.4194000e+01  -2.0273530e+02   3.2376200e+02
  -9.2780200e+01  -2.0267830e+02   3.2517600e+02
  -9.1539100e+01  -2.0260080e+02   3.2642000e+02
  -8.9243500e+01  -2.0237850e+02   3.2872600e+02
  -8.7819500e+01  -2.0218310e+02   3.3016400e+02
  -8.5619100e+01  -2.0186800e+02   3.3238700e+02
  -8.3364900e+01  -2.0154130e+02   3.3466400e+02
  -8.0773500e+01  -2.0116370e+02   3.3728300e+02
  -7.8602300e+01  -2.0084630e+02   3.3947700e+02
  -7.6237500e+01  -2.0050010e+02   3.4186700e+02
  -7.4076200e+01  -2.0018340e+02   3.4405200e+02
  -7.2072900e+01  -1.9988970e+02   3.4607600e+02
  -6.9957900e+01  -1.9957940e+02   3.4821400e+02
  -6.7484700e+01  -1.9921650e+02   3.5071400e+02
  -6.2783600e+01  -1.9852690e+02   3.5546500e+02
  -5.8172400e+01  -1.9785090e+02   3.6012600e+02
  -5.3651100e+01  -1.9718890e+02   3.6469500e+02
  -4.9263800e+01  -1.9654770e+02   3.6912900e+02
  -4.4171200e+01  -1.9580530e+02   3.7427500e+02
  -3.9516100e+01  -1.9512940e+02   3.7897900e+02
  -3.4907000e+01  -1.9446370e+02   3.8363600e+02
  -3.0667700e+01  -1.9385620e+02   3.8791900e+02
  -2.5795800e+01  -1.9316810e+02   3.9283900e+02
  -1.9554700e+01  -1.9235350e+02   3.9913300e+02
  -1.5553600e+01  -1.9168180e+02   4.0319000e+02
  -1.1806000e+01  -1.9073570e+02   4.0705500e+02
  -9.8112000e+00  -1.9014210e+02   4.0913700e+02
  -6.7627000e+00  -1.8910450e+02   4.1235700e+02
  -4.1551000e+00  -1.8805940e+02   4.1516600e+02
  -1.9497000e+00  -1.8700810e+02   4.1760900e+02
   5.9280000e-01  -1.8544310e+02   4.2059500e+02
   2.5170000e+00  -1.8397800e+02   4.2301300e+02
   4.5450000e+00  -1.8231840e+02   4.2563400e+02
   6.4272000e+00  -1.8059810e+02   4.2818400e+02
   8.3212000e+00  -1.7859270e+02   4.3094200e+02
   1.0068500e+01  -1.7636020e+02   4.3377700e+02
   1.1484200e+01  -1.7411250e+02   4.3643400e+02
   1.2594600e+01  -1.7188010e+02   4.3892700e+02
   1.3537800e+01  -1.6938350e+02   4.4159600e+02
   1.4269600e+01  -1.6685000e+02   4.4423300e+02
   1.4917700e+01  -1.6395390e+02   4.4720100e+02
   1.5339300e+01  -1.6139590e+02   4.4979300e+02
   1.5625600e+01  -1.5895710e+02   4.5224900e+02
   1.5833500e+01  -1.5620400e+02   4.5501000e+02
   1.5971100e+01  -1.4670550e+02   4.6450900e+02
   1.5971100e+01  -1.3713550e+02   4.7407900e+02
   1.5971100e+01  -1.2797700e+02   4.8323800e+02
   1.5971100e+01  -1.1834130e+02   4.9287300e+02
   1.5971100e+01  -1.0870530e+02   5.0250900e+02
   1.5971200e+01  -9.8916300e+01   5.1229800e+02
   1.6018600e+01  -8.9629600e+01   5.2158500e+02
   1.6064700e+01  -8.0580200e+01   5.3063500e+02
   1.6115900e+01  -7.0551800e+01   5.4066300e+02
   1.6166600e+01  -6.0623800e+01   5.5059100e+02
   1.6217300e+01  -5.0696200e+01   5.6051900e+02
   1.6263200e+01  -4.1685900e+01   5.6952900e+02
   1.6581800e+01  -3.2309200e+01   5.7891100e+02
   1.6933100e+01  -2.2661800e+01   5.8856500e+02
   1.7273400e+01  -1.4491800e+01   5.9674200e+02
   1.7838700e+01  -3.8954000e+00   6.0735400e+02
   1.8263400e+01   1.7675000e+00   6.1303300e+02
   1.9096700e+01   8.2917000e+00   6.1961000e+02
   2.0778200e+01   1.4848000e+01   6.2637800e+02
   2.3038200e+01   2.2631900e+01   6.3448400e+02
   2.4728200e+01   2.8162300e+01   6.4026700e+02
   2.5422300e+01   3.0377400e+01   6.4258800e+02
   2.6220500e+01   3.2886200e+01   6.4522100e+02
   2.6916000e+01   3.5037800e+01   6.4748200e+02
   2.7627000e+01   3.7203600e+01   6.4976100e+02
   2.8407400e+01   3.9538800e+01   6.5222300e+02
   2.9248200e+01   4.2001300e+01   6.5482600e+02
   2.9989800e+01   4.4121700e+01   6.5707200e+02
   3.0809100e+01   4.6398800e+01   6.5949200e+02
   3.1654400e+01   4.8662300e+01   6.6190800e+02
   3.3136600e+01   5.2338500e+01   6.6587200e+02
   3.4301400e+01   5.4957900e+01   6.6873900e+02
   3.5417200e+01   5.7368400e+01   6.7139500e+02
   3.6445100e+01   5.9533300e+01   6.7379100e+02
   3.7459400e+01   6.1631500e+01   6.7612200e+02
   3.8484300e+01   6.3722300e+01   6.7845000e+02
   3.9586700e+01   6.5945200e+01   6.8093200e+02
   4.0414400e+01   6.7599500e+01   6.8278100e+02
   4.1550900e+01   6.9854200e+01   6.8530600e+02
   4.2714000e+01   7.2144700e+01   6.8787500e+02
   4.3812700e+01   7.4295600e+01   6.9029000e+02
   4.4826400e+01   7.6270300e+01   6.9251000e+02
   4.5994100e+01   7.8535600e+01   6.9505900e+02
   4.7104800e+01   8.0682100e+01   6.9747600e+02
   4.8056800e+01   8.2516600e+01   6.9954200e+02
   4.9291700e+01   8.4890100e+01   7.0221800e+02
   5.0369000e+01   8.6955900e+01   7.0454800e+02
   5.1357100e+01   8.8847500e+01   7.0668200e+02
   5.2414600e+01   9.0869100e+01   7.0896300e+02
   5.3669100e+01   9.3264300e+01   7.1166700e+02
   5.4749600e+01   9.5325600e+01   7.1399400e+02
   5.5739400e+01   9.7212800e+01   7.1612500e+02
   5.6771600e+01   9.9180500e+01   7.1834700e+02
   5.7937800e+01   1.0182020e+02   7.2123300e+02
   5.8918600e+01   1.0387900e+02   7.2351400e+02
   6.0047900e+01   1.0613820e+02   7.2604000e+02
   6.1238900e+01   1.0843960e+02   7.2863100e+02
   6.2462200e+01   1.1075210e+02   7.3124700e+02
   6.3564900e+01   1.1281450e+02   7.3358600e+02
   6.4877500e+01   1.1526500e+02   7.3636600e+02
   6.6740700e+01   1.1878130e+02   7.4034500e+02
   6.9365700e+01   1.2394160e+02   7.4613500e+02
   7.0828500e+01   1.2701240e+02   7.4953600e+02
   7.2182200e+01   1.3006280e+02   7.5287300e+02
   7.3162600e+01   1.3246080e+02   7.5546400e+02
   7.4444000e+01   1.3598270e+02   7.5921200e+02
   7.5425100e+01   1.3921250e+02   7.6258700e+02
   7.6385300e+01   1.4350440e+02   7.6698500e+02
   7.6912900e+01   1.4900600e+02   7.7251200e+02
   7.6591000e+01   1.5312620e+02   7.7664500e+02
   7.5481100e+01   1.5744800e+02   7.8110700e+02
   7.4043900e+01   1.6088840e+02   7.8483500e+02
   7.2184900e+01   1.6420100e+02   7.8863400e+02
   6.9203800e+01   1.6828090e+02   7.9368700e+02
   6.5693300e+01   1.7202190e+02   7.9881700e+02
   6.2757300e+01   1.7458290e+02   8.0271300e+02
   5.9368500e+01   1.7706220e+02   8.0691200e+02
   5.5040200e+01   1.7962860e+02   8.1194400e+02
   5.1253200e+01   1.8139940e+02   8.1612500e+02
   4.7397900e+01   1.8278790e+02   8.2022200e+02
   4.3679900e+01   1.8374720e+02   8.2406200e+02
   3.9428200e+01   1.8438850e+02   8.2836200e+02
   3.5001600e+01   1.8483450e+02   8.3281100e+02
   2.8363600e+01   1.8552360e+02   8.3948500e+02
   2.2196600e+01   1.8621480e+02   8.4569000e+02
   1.7068700e+01   1.8685800e+02   8.5085800e+02
   1.4736300e+01   1.8716700e+02   8.5321100e+02
   1.1329900e+01   1.8758320e+02   8.5664300e+02
   8.1588000e+00   1.8790470e+02   8.5983000e+02
   4.6825000e+00   1.8814870e+02   8.6331500e+02
   1.0384000e+00   1.8822770e+02   8.6696000e+02
  -2.1333000e+00   1.8807110e+02   8.7013500e+02
  -5.8495000e+00   1.8740870e+02   8.7391000e+02
  -8.2864000e+00   1.8656470e+02   8.7648900e+02
  -1.0535700e+01   1.8555740e+02   8.7895400e+02
  -1.2556900e+01   1.8446060e+02   8.8125300e+02
  -1.4542700e+01   1.8318350e+02   8.8361400e+02
  -1.6362100e+01   1.8180350e+02   8.8589800e+02
  -1.8117700e+01   1.8022530e+02   8.8825900e+02
  -1.9622600e+01   1.7860620e+02   8.9046900e+02
  -2.1190900e+01   1.7651790e+02   8.9308100e+02
  -2.2407800e+01   1.7440790e+02   8.9551600e+02
  -2.3261800e+01   1.7240520e+02   8.9769400e+02
  -2.4024800e+01   1.6995820e+02   9.0025700e+02
  -2.4569700e+01   1.6764850e+02   9.0263000e+02
  -2.4960000e+01   1.6546430e+02   9.0484900e+02
  -2.5262100e+01   1.6316060e+02   9.0717200e+02
  -2.5474400e+01   1.6076030e+02   9.0958200e+02
  -2.5588200e+01   1.5855890e+02   9.1178600e+02
  -2.5631600e+01   1.5642210e+02   9.1392300e+02
  -2.5613300e+01   1.5425480e+02   9.1609100e+02
  -2.5532900e+01   1.5189600e+02   9.1845100e+02
  -2.5502800e+01   1.4971160e+02   9.2063600e+02
  -2.5490000e+01   1.4702770e+02   9.2331900e+02
  -2.5484700e+01   1.4484480e+02   9.2550200e+02
  -2.5481600e+01   1.4246010e+02   9.2788700e+02
  -2.5480300e+01   1.4022120e+02   9.3012600e+02
  -2.5480100e+01   1.3798280e+02   9.3236400e+02
  -2.5480700e+01   1.3545220e+02   9.3489500e+02
  -2.5482000e+01   1.3297040e+02   9.3737700e+02
  -2.5484000e+01   1.3024510e+02   9.4010200e+02
  -2.5485900e+01   1.2800660e+02   9.4234100e+02
  -2.5488200e+01   1.2557320e+02   9.4477400e+02
  -2.5513900e+01   1.2295330e+02   9.4739400e+02
  -2.5594200e+01   1.2102130e+02   9.4932800e+02
  -2.5884900e+01   1.1877990e+02   9.5158800e+02
  -2.6440000e+01   1.1635680e+02   9.5407400e+02
  -2.7161200e+01   1.1416540e+02   9.5638100e+02
  -2.8258700e+01   1.1163760e+02   9.5913700e+02
  -2.9503600e+01   1.0935370e+02   9.6173800e+02
  -3.0953900e+01   1.0713470e+02   9.6438900e+02
  -3.2648400e+01   1.0492370e+02   9.6717400e+02
  -3.3874800e+01   1.0349280e+02   9.6905900e+02
  -3.5343700e+01   1.0191560e+02   9.7121400e+02
  -3.6939400e+01   1.0035290e+02   9.7344700e+02
  -3.8649900e+01   9.8832200e+01   9.7573600e+02
  -4.0188200e+01   9.7585900e+01   9.7771600e+02
  -4.2016500e+01   9.6237800e+01   9.7998800e+02
  -4.4075200e+01   9.4873800e+01   9.8245700e+02
  -4.6513400e+01   9.3444700e+01   9.8528300e+02
  -4.8737900e+01   9.2296600e+01   9.8778700e+02
  -5.0934600e+01   9.1292200e+01   9.9020200e+02
  -5.3123900e+01   9.0468000e+01   9.9254100e+02
  -5.5303700e+01   8.9545400e+01   9.9490800e+02
  -5.7352700e+01   8.8459500e+01   9.9722700e+02
  -5.9323800e+01   8.7145600e+01   9.9959600e+02
  -6.1171700e+01   8.5687000e+01   1.0019500e+03
  -6.3445400e+01   8.3615300e+01   1.0050260e+03
  -6.6423100e+01   8.0509600e+01   1.0093290e+03
  -6.7983500e+01   7.8750600e+01   1.0116800e+03
  -6.9707000e+01   7.6758700e+01   1.0143140e+03
  -7.1436700e+01   7.4791000e+01   1.0169340e+03
  -7.2960100e+01   7.3527900e+01   1.0189130e+03
  -7.4875600e+01   7.2450100e+01   1.0211110e+03
  -7.7397800e+01   7.1345800e+01   1.0238640e+03
