21.1449	-99.9604	316.3536
20.9314	-98.2889	318.0387
20.7158	-96.6140	319.7274
20.4931	-94.9236	321.4324
20.2754	-93.2364	323.1336
20.0637	-91.5268	324.8563
19.8580	-89.8107	326.5847
19.6538	-88.0825	328.3249
19.4500	-86.3529	330.0665
19.2437	-84.6040	331.8275
19.0420	-82.8424	333.6006
18.8474	-81.0690	335.3846
18.6542	-79.2918	337.1723
18.4677	-77.5033	338.9705
18.2905	-75.7019	340.7806
18.1189	-73.8877	342.6029
17.9520	-72.0645	344.4337
17.7974	-70.2278	346.2770
17.6479	-68.3869	348.1238
17.4876	-66.5315	349.9862
17.3347	-64.6631	351.8608
17.1834	-62.7821	353.7479
17.0545	-60.9041	355.6303
16.9324	-59.0127	357.5256
16.8137	-57.1146	359.4274
16.7093	-55.2123	361.3327
16.6083	-53.2889	363.2587
16.5211	-51.3686	365.1810
16.4377	-49.4373	367.1141
16.3772	-47.5037	369.0486
16.3189	-45.5514	371.0018
16.2732	-43.5957	372.9580
16.2418	-41.6366	374.9173
16.2234	-39.6716	376.8824
16.2154	-37.7090	378.8450
16.2092	-35.7280	380.8261
16.2067	-33.7516	382.8025
16.2196	-31.7799	384.7742
16.2201	-29.8075	386.7466
16.2291	-27.8450	388.7092
16.2313	-25.8792	390.6750
16.2427	-23.9300	392.6242
16.2567	-21.9829	394.5713
16.2728	-20.0391	396.5152
16.2985	-18.1092	398.4452
16.3275	-16.1890	400.3657
16.3641	-14.2824	402.2727
16.4075	-12.3844	404.1711
16.4563	-10.4975	406.0586
16.5067	-8.6270	407.9298
16.5670	-6.7668	409.7910
16.6360	-4.9194	411.6397
16.7167	-3.0851	413.4758
16.8117	-1.2692	415.2941
16.9222	0.5364	417.1032
17.0493	2.3224	418.8936
17.1914	4.0953	420.6723
17.3497	5.8483	422.4324
17.5212	7.5924	424.1849
17.7070	9.3188	425.9213
17.9161	11.0312	427.6464
18.1419	12.7241	429.3542
18.3887	14.4024	431.0506
18.6526	16.0609	432.7299
18.9257	17.7037	434.3953
19.2209	19.3251	436.0434
19.5442	20.9281	437.6787
19.8869	22.5197	439.3068
20.2633	24.0849	440.9166
20.6503	25.6558	442.5344
21.0599	27.2238	444.1551
21.4847	28.7816	445.7698
21.9248	30.3250	447.3747
22.3911	31.8762	448.9945
22.8742	33.4267	450.6184
23.3767	34.9702	452.2417
23.8993	36.5081	453.8659
24.4437	38.0387	455.4905
25.0026	39.5613	457.1124
25.5822	41.0797	458.7376
26.1769	42.5907	460.3615
26.7847	44.0999	461.9884
27.4062	45.6142	463.6253
28.0452	47.1173	465.2586
28.7049	48.6262	466.9055
29.3778	50.1391	468.5612
30.0680	51.6513	470.2235
30.7718	53.1680	471.8956
31.4914	54.6933	473.5821
32.2218	56.2235	475.2776
32.9723	57.7570	476.9850
33.7413	59.2920	478.7018
34.5206	60.8365	480.4318
35.3192	62.3770	482.1670
36.1210	63.9284	483.9133
36.9338	65.4882	485.6722
37.7420	67.0663	487.4453
38.5607	68.6514	489.2292
39.3793	70.2430	491.0190
40.2029	71.8443	492.8197
41.0319	73.4640	494.6393
41.8615	75.0859	496.4610
42.6927	76.7251	498.2989
43.5361	78.3622	500.1405
44.3814	80.0107	501.9931
45.2274	81.6618	503.8483
46.0750	83.3126	505.7040
46.9150	84.9642	507.5569
47.7593	86.6100	509.4067
48.6047	88.2526	511.2540
49.4510	89.8897	513.0969
50.2952	91.5254	514.9377
51.1404	93.1522	516.7709
51.9803	94.7797	518.6023
52.8169	96.3974	520.4236
53.6551	98.0149	522.2454
54.4908	99.6302	524.0640
55.3209	101.2400	525.8753