8.3724	-124.5990	0.0000
8.4204	-123.4241	1.1759
8.4596	-122.3324	2.2683
8.4925	-121.1906	3.4106
8.5262	-119.9126	4.6890
8.5501	-118.8464	5.7555
8.5692	-117.6989	6.9031
8.5914	-116.4054	8.1968
8.6019	-115.0732	9.5290
8.6171	-113.5144	11.0880
8.6325	-111.9764	12.6260
8.6415	-110.9597	13.6427
8.6517	-109.8041	14.7984
8.6583	-108.5511	16.0514
8.6688	-107.4600	17.1426
8.6754	-106.1671	18.4355
8.6889	-104.7734	19.8293
8.6970	-103.5657	21.0370
8.7122	-101.9664	22.6364
8.7234	-100.5639	24.0389
8.7352	-99.2513	25.3515
8.7489	-98.2310	26.3719
8.7629	-96.7991	27.8039
8.7807	-95.2690	29.3341
8.7965	-93.4972	31.1060
8.8096	-92.0389	32.5644
8.8240	-90.2690	34.3343
8.8381	-88.3180	36.2853
8.8522	-86.7024	37.9010
8.8698	-84.9137	39.6898
8.8935	-82.9474	41.6563
8.9158	-81.3393	43.2645
8.9303	-80.1808	44.4231
8.9570	-78.5462	46.0579
8.9765	-77.2900	47.3143
9.0015	-75.5489	49.0555
9.0182	-74.5144	50.0902
9.0438	-72.8329	51.7719
9.0607	-71.7061	52.8988
9.0881	-70.0083	54.5968
9.1050	-68.8714	55.7339
9.1265	-67.0788	57.5265
9.1440	-65.7700	58.8355
9.1615	-64.0471	60.5585
9.1762	-62.8960	61.7097
9.1957	-61.0823	63.5235
9.2080	-59.8421	64.7637
9.2274	-58.1038	66.5022
9.2396	-56.9418	67.6643
9.2590	-55.1109	69.4952
9.2755	-53.7758	70.8304
9.2974	-51.9359	72.6704
9.3101	-50.8468	73.7597
9.3335	-49.0035	75.6031
9.3459	-47.9114	76.6952
9.3695	-46.1452	78.4616
9.3839	-44.9656	79.6412
9.4082	-43.1099	81.4971
9.4246	-41.8419	82.7653
9.4497	-39.9793	84.6280
9.4652	-38.8769	85.7305
9.4886	-37.0080	87.5996
9.5062	-35.7318	88.8759
9.5292	-33.8543	90.7535
9.5448	-32.6563	91.9516
9.5642	-30.8553	93.7528
9.5788	-29.4795	95.1286
9.6024	-27.6687	96.9396
9.6182	-26.4572	98.1512
9.6407	-24.5469	100.0616
9.6565	-23.2416	101.3670
9.6792	-21.3226	103.2861
9.6932	-20.1846	104.4243
9.7149	-18.2566	106.3524
9.7301	-16.8485	107.7605
9.7482	-14.9980	109.6111
9.7575	-13.7623	110.8469
9.7740	-11.8173	112.7919
9.7842	-10.4892	114.1201
9.7974	-8.6285	115.9808
9.7831	-7.4746	117.1348
9.7576	-5.6106	118.9990
9.7383	-4.1904	120.4193
9.7139	-2.2350	122.3749
9.7025	-1.0797	123.5302
9.6825	0.8754	125.4854
9.6744	2.2081	126.8181
9.6609	4.1634	128.7735
9.6533	5.3193	129.9294
9.6413	7.2764	131.8865
9.6342	8.6085	133.2186
9.6323	10.5637	135.1738
9.6304	11.8076	136.4178
9.6290	13.7591	138.3692
9.6293	15.0896	139.6998
9.6274	16.9514	141.5616
9.6245	18.1921	142.8023
9.6254	20.0509	144.6611
9.6250	21.5546	146.1647
9.6233	23.4105	148.0207
9.6244	24.6468	149.2570
9.6249	26.5902	151.2004
9.6265	27.9176	152.5278
9.6301	29.7793	154.3895
9.6325	31.0233	155.6335
9.6386	32.9813	157.5916
9.6453	34.3199	158.9301
9.6574	36.2871	160.8973
9.6660	37.3623	161.9726
9.6812	39.2464	163.8567
9.6929	40.5946	165.2050
9.7110	42.5760	167.1865
9.7212	43.8383	168.4488
9.7425	45.7320	170.3426
9.7570	47.0859	171.6966
9.7816	48.9793	173.5902
9.7972	50.2414	174.8523
9.8246	52.2204	176.8316
9.8425	53.3868	177.9981
9.8725	55.2642	179.8758
9.8957	56.5120	181.1238
9.9272	58.3753	182.9874
9.9508	59.7859	184.3981
9.9850	61.6276	186.2401
10.0086	62.8495	187.4623
10.0416	64.6753	189.2883
10.0687	66.0593	190.6726
10.1031	67.8662	192.4799
10.1264	69.1510	193.7649
10.1601	70.9397	195.5539
10.1867	72.2925	196.9069
10.2200	74.0558	198.6706
10.2411	75.2218	199.8368
10.2749	76.9579	201.5731
10.2989	78.2681	202.8836
10.3319	79.9715	204.5874
10.3539	81.0971	205.7131
10.3874	82.8458	207.4622
10.4098	84.0248	208.6413
10.4414	85.7326	210.3494
10.4617	86.8063	211.4233
10.4886	88.3967	213.0139
10.5092	89.5926	214.2100
10.5341	91.1414	215.7590
10.5503	92.1596	216.7774
10.5745	93.6672	218.2852
10.5916	94.8007	219.4189
10.6133	96.3371	220.9554
10.6382	97.9826	222.6011
10.6639	99.7310	224.3496
10.6888	101.1149	225.7337
10.7145	102.7310	227.3501
10.7414	104.3140	228.9333
10.7640	105.6793	230.2988
10.7883	107.1399	231.7596
10.8179	108.6910	233.3110
10.8396	109.9846	234.6047
10.8700	111.3794	235.9999
10.9081	112.9362	237.5571
10.9450	114.1411	238.7626
11.0068	115.5673	240.1901
11.0680	117.0483	241.6724
11.1435	118.2447	242.8712
11.2352	119.6695	244.2989
11.3621	121.2012	245.8359
11.4726	122.3839	247.0237
11.6202	123.7367	248.3845
11.8097	125.2500	249.9097
11.9728	126.4216	251.0926
12.1956	127.8158	252.5045
12.4658	129.3024	254.0155
12.7023	130.4440	255.1813
12.9978	131.7227	256.4937
13.3669	133.1252	257.9440
13.6770	134.1762	259.0397
14.0814	135.3915	260.3206
14.5362	136.6154	261.6262
14.9321	137.5680	262.6578
15.4379	138.6547	263.8564
15.9964	139.7330	265.0708
16.7898	141.1003	266.6516
17.6946	142.4803	268.3018
18.5547	143.6639	269.7649
19.4899	144.8359	271.2643
20.4173	145.8924	272.6701
21.4495	146.9825	274.1714
22.4812	148.0052	275.6240
23.6056	149.0900	277.1864
24.6912	150.1079	278.6746
25.8709	151.2149	280.2923
26.9604	152.2258	281.7786
28.0871	153.2928	283.3303
29.1212	154.2886	284.7660
30.1940	155.3552	286.2787
31.1306	156.3242	287.6264
32.0557	157.3434	289.0029
32.8799	158.3361	290.2931
33.6474	159.3927	291.5990
34.2524	160.3740	292.7518
34.7853	161.4101	293.9170
35.1998	162.3807	294.9724
35.5385	163.3889	296.0359
35.8346	164.6326	297.3144
36.0013	165.8554	298.5485
36.0490	166.8698	299.5641
36.0146	168.0014	300.6962
35.8963	169.0852	301.7864
35.6815	170.2607	302.9814
35.3934	171.3931	304.1499
34.9867	172.6349	305.4565
34.5216	173.7742	306.6871
33.9451	174.9576	308.0035
33.3312	176.0500	309.2566
32.5858	177.1976	310.6250
31.8303	178.2134	311.8909
30.9601	179.2329	313.2313
30.0803	180.1489	314.5014
29.0516	181.0778	315.8874
28.0344	181.8813	317.1837
26.9193	182.6559	318.5414
25.7688	183.3542	319.8873
24.8369	183.8470	320.9415
23.5307	184.4504	322.3803
22.5466	184.8450	323.4406
21.1724	185.3221	324.8952
19.6235	185.7763	326.5093
18.1584	186.1507	328.0215
16.5779	186.5150	329.6434
15.1069	186.8240	331.1465
13.4883	187.1325	332.7943
11.9353	187.3983	334.3698
10.9464	187.5548	335.3711
9.8178	187.7234	336.5122
8.6892	187.8795	337.6516
7.6972	188.0088	338.6519
6.5274	188.1506	339.8303
5.4490	188.2661	340.9148
3.7975	188.4026	342.5720
2.2510	188.4846	344.1207
0.6767	188.5259	345.6955
-0.8378	188.5176	347.2101
-2.4363	188.4573	348.8097
-3.9078	188.3423	350.2857
-5.5975	188.1254	351.9892
-7.0655	187.8508	353.4827
-8.6477	187.4466	355.1157
-10.1234	186.9622	356.6688
-11.6935	186.3194	358.3655
-13.0961	185.6117	359.9365
-14.5292	184.7491	361.6091
-15.8273	183.8285	363.2005
-16.6165	183.2027	364.2078
-17.5196	182.4135	365.4071
-18.3659	181.6097	366.5743
-19.5401	180.3778	368.2761
-20.2003	179.6182	369.2826
-20.9568	178.6738	370.4926
-21.7332	177.6072	371.8118
-22.3358	176.7036	372.8980
-22.9582	175.6860	374.0908
-23.5166	174.6807	375.2408
-24.0097	173.6902	376.3472
-24.5160	172.5324	377.6109
-24.9858	171.2974	378.9322
-25.3411	170.2331	380.0543
-25.6824	169.0558	381.2800
-26.0182	167.7186	382.6588
-26.2380	166.6729	383.7273
-26.4608	165.4291	384.9909
-26.6545	164.1385	386.2960
-26.7904	163.0533	387.3897
-26.9250	161.8782	388.5724
-27.0543	160.6173	389.8400
-27.1577	159.5622	390.9001
-27.2527	158.4214	392.0449
-27.3529	157.1038	393.3663
-27.4502	155.5225	394.9506
-27.5000	154.5094	395.9648
-27.5472	153.3216	397.1536
-27.5785	152.2342	398.2415
-27.6101	150.5295	399.9465
-27.6263	148.9682	401.5079
-27.6344	147.4130	403.0630
-27.6398	145.8608	404.6153
-27.6475	144.2203	406.2558
-27.6512	142.6202	407.8559
-27.6579	141.0153	409.4608
-27.6642	139.4493	411.0268
-27.6702	137.7390	412.7371
-27.6817	136.1516	414.3245
-27.6899	135.1463	415.3299
-27.6989	134.0884	416.3878
-27.7162	132.9279	417.5485
-27.7399	131.1991	419.2774
-27.7599	130.1672	420.3095
-27.7811	129.0400	421.4369
-27.8070	127.8195	422.6577
-27.8329	126.7923	423.6853
-27.8620	125.6858	424.7921
-27.8944	124.4614	426.0169
-27.9389	122.9062	427.5727
-27.9878	121.2996	429.1801
-28.0368	119.8451	430.6354
-28.1064	118.2076	432.2744
-28.1850	116.8109	433.6734
-28.2988	115.3381	435.1505
-28.4378	113.9957	436.5001
-28.6175	112.5958	437.9115
-28.8153	111.3602	439.1628
-29.0612	110.0957	440.4511
-29.3365	108.9399	441.6392
-29.6757	107.7599	442.8669
-30.0507	106.6490	444.0394
-30.4732	105.5747	445.1938
-30.9422	104.5430	446.3271
-31.4982	103.4986	447.5103
-32.0771	102.5495	448.6220
-32.7775	101.5597	449.8346
-33.5245	100.6421	451.0177
-34.4248	99.6934	452.3256
-35.3213	98.8756	453.5391
-36.3379	98.0786	454.8309
-37.3619	97.3988	456.0600
-38.3971	96.8075	457.2522
-39.3945	96.2998	458.3713
-40.5662	95.7779	459.6540
-41.6826	95.3352	460.8550
-42.8688	94.9153	462.1133
-44.0221	94.5190	463.3328
-45.2050	94.1129	464.5835
-46.3247	93.7239	465.7689
-47.5512	93.2910	467.0695
-48.6266	92.8973	468.2147
-49.8487	92.4407	469.5193
-51.0147	91.9859	470.7708
-52.2915	91.4626	472.1508
-53.4756	90.9422	473.4442
-54.7310	90.3450	474.8344
-55.9505	89.7118	476.2085
-57.2303	88.9791	477.6831
-58.4060	88.2507	479.0663
-59.6052	87.4479	480.5093
-60.7870	86.5970	481.9655
-61.9760	85.6784	483.4681
-63.0712	84.7658	484.8936
-64.1991	83.7622	486.4034
-65.2305	82.7830	487.8256
-66.2797	81.7297	489.3123
-67.2377	80.7405	490.6894
-68.2193	79.7219	492.1040
-69.1279	78.7957	493.4015
-70.0999	77.8364	494.7671
-70.9661	77.0284	495.9516
-71.9180	76.1939	497.2176
-72.8770	75.4177	498.4513
-73.9067	74.6468	499.7376
-74.9298	73.9476	500.9768
-76.0648	73.2524	502.3078
-77.1791	72.6369	503.5808
-78.4297	72.0443	504.9646
-79.6098	71.5695	506.2367
-80.8850	71.1407	507.5821
-82.1158	70.8049	508.8579
-83.4603	70.4921	510.2383
-84.6922	70.2270	511.4984
-85.9333	69.9557	512.7688
-87.1410	69.6602	514.0121
-88.3909	69.3076	515.3108
-89.5305	68.9281	516.5120
-90.7334	68.4628	517.8017
-91.8647	67.9538	519.0422
-93.0429	67.3278	520.3764
-94.1698	66.6317	521.7010
-95.2954	65.8289	523.0835
-96.3206	64.9943	524.4054
-97.3740	64.0562	525.8160
-98.3394	63.1294	527.1543
-99.3525	62.1478	528.5650
-100.2546	61.2876	529.8115
-101.2813	60.3638	531.1925
-102.2717	59.5317	532.4861
-103.3658	58.6817	533.8716
-104.3926	57.9421	535.1370
-105.4963	57.2055	536.4639
-106.5752	56.5228	537.7407
-107.6869	55.8386	539.0461
-108.7009	55.1980	540.2455
-109.8267	54.4822	541.5796
-110.8778	53.7884	542.8390
-111.9414	53.0521	544.1326
-112.9277	52.3383	545.3501
-113.9794	51.5409	546.6700
-114.9097	50.7852	547.8685
-115.9587	49.8567	549.2693
-116.9174	48.9194	550.6101
-117.9093	47.8519	552.0673
-118.8382	46.7409	553.5155
-119.7371	45.5297	555.0238
-120.5282	44.3233	556.4664
-121.3108	42.9561	558.0418
-121.9271	41.6757	559.4628
-122.5242	40.1897	561.0642
-122.9821	38.7752	562.5511
-123.3825	37.2039	564.1726
-123.6752	35.7308	565.6744
-123.9190	34.1540	567.2700
-124.1001	32.6460	568.7888
-124.2566	31.0360	570.4064
-124.3943	29.4636	571.9848
-124.5243	27.8923	573.5615
-124.6370	26.3678	575.0902
-124.7483	24.6748	576.7868
-124.8295	23.1610	578.3028
-124.9004	21.5640	579.9013
-124.9503	20.0978	581.3684
-124.9957	18.5893	582.8776
-125.0381	17.0401	584.4273
-125.0773	15.4577	586.0103
-125.1107	14.0109	587.4574
-125.1466	12.3940	589.0748
-125.1769	10.8603	590.6087
-125.2067	9.3276	592.1418
-125.2336	7.7981	593.6715
-125.2592	6.2212	595.2486
-125.2787	4.7172	596.7527
-125.2998	3.1161	598.3539
-125.3199	1.5889	599.8812
-125.3356	-0.0757	601.5459
-125.3614	-1.6010	603.0714
-125.3966	-3.2153	604.6861
-125.4403	-4.7437	606.2152
-125.4973	-6.3624	607.8349
-125.5623	-7.8857	609.3596
-125.6378	-9.4479	610.9236
-125.7175	-10.9472	612.4250
-125.8182	-12.5715	614.0524
-125.9221	-14.0920	615.5764
-126.0445	-15.7263	617.2154
-126.1642	-17.2903	618.7839
-126.3128	-18.9958	620.4959
-126.4525	-20.5824	622.0886
-126.5530	-21.5788	623.0901
-126.6620	-22.7607	624.2770
-126.7852	-23.8989	625.4219
-126.9634	-25.5848	627.1171
-127.1448	-27.1788	628.7214
-127.2619	-28.1806	629.7300
-127.4051	-29.3680	630.9260
-127.5391	-30.4676	632.0338
-127.6632	-31.4811	633.0549
-127.8168	-32.7296	634.3127
-127.9531	-33.8439	635.4354
-128.0798	-34.8679	636.4672
-128.2296	-36.0806	637.6891
-128.3700	-37.2032	638.8204
-128.5921	-38.9871	640.6181
-128.7956	-40.6382	642.2818
-128.9264	-41.6776	643.3293
-129.0765	-42.9079	644.5687
-129.2269	-44.0872	645.7576
-129.4397	-45.8321	647.5154
-129.6408	-47.4877	649.1832
-129.7572	-48.4850	650.1872
-129.9045	-49.7200	651.4310
-130.0463	-50.9102	652.6296
-130.1669	-51.9122	653.6389
-130.3221	-53.2024	654.9384
-130.4645	-54.3980	656.1424
-130.5857	-55.4052	657.1568
-130.7380	-56.6548	658.4157
-130.8805	-57.8582	659.6275
-131.0124	-58.9191	660.6966
-131.1671	-60.1771	661.9640
-131.3201	-61.3901	663.1867
-131.4502	-62.4166	664.2214
-131.6078	-63.7015	665.5159
-131.7620	-64.9496	666.7735
-131.8926	-66.0096	667.8415
-132.0619	-67.3768	669.2192
-132.2259	-68.6424	670.4954
-132.3701	-69.7611	671.6233
-132.5455	-71.0835	672.9573
-132.7049	-72.3091	674.1932
-132.8499	-73.4310	675.3244
-133.0329	-74.8087	676.7143
-133.1992	-76.0860	678.0023
-133.3413	-77.1595	679.0851
-133.5154	-78.4857	680.4228
-133.6713	-79.7066	681.6536
-133.8060	-80.7725	682.7280
-133.9658	-82.0863	684.0514
-134.1200	-83.3374	685.3120
-134.2492	-84.3813	686.3638
-134.3899	-85.5695	687.5603
-134.5354	-86.8013	688.8007
-134.6565	-87.8302	689.8367
-134.8055	-89.1461	691.1610
-134.9369	-90.3090	692.3313
-135.0540	-91.3705	693.3992
-135.1896	-92.6198	694.6559
-135.3123	-93.7687	695.8114
-135.4176	-94.8189	696.8668
-135.5428	-96.1020	698.1560
-135.6461	-97.2384	699.2971
-135.7901	-98.9840	701.0486
-135.8661	-100.0212	702.0886
-135.9435	-101.1535	703.2235
-136.0188	-102.4297	704.5019
-136.1021	-104.0879	706.1622
-136.1456	-105.1317	707.2070
-136.1868	-106.2709	708.3469
-136.2263	-107.4573	709.5340
-136.2757	-109.2115	711.2888
-136.3027	-110.2568	712.3345
-136.3297	-111.4144	713.4924
-136.3571	-112.7024	714.7807
-136.3800	-113.8398	715.9184
-136.4111	-115.1134	717.1923
-136.4433	-116.6407	718.7200
-136.4796	-117.7968	719.8766
-136.5169	-119.1961	721.2764
-136.5510	-120.6755	722.7562
-136.5734	-121.8847	723.9656
-136.5965	-123.3298	725.4109
-136.6196	-124.9001	726.9814
-136.6363	-126.1213	728.2027
-136.6579	-127.5684	729.6500
-136.6718	-129.0710	731.1526
-136.6863	-130.2824	732.3641
-136.6902	-131.7263	733.8080
-136.7050	-133.2866	735.3684
-136.7161	-134.4918	736.5736
-136.7318	-135.8136	737.8956
-136.7414	-137.1982	739.2802
-136.7448	-138.4100	740.4920
-136.7463	-139.8467	741.9287
-136.7572	-141.3873	743.4693
-136.7638	-142.6343	744.7163
-136.7699	-143.9831	746.0651
-136.7794	-145.4265	747.5086
-136.7912	-146.5779	748.6600
-136.8013	-147.9361	750.0183
-136.8164	-149.3847	751.4669
-136.8162	-150.5008	752.5831
-136.8195	-151.7615	753.8437
-136.8192	-153.1619	755.2441
-136.8133	-154.2404	756.3227
-136.8120	-155.5129	757.5951
-136.8027	-156.8679	758.9502
-136.7855	-158.5543	760.6366
-136.7676	-159.6274	761.7100
-136.7431	-160.8715	762.9543
-136.7077	-161.9978	764.0812
-136.6704	-163.0189	765.1029
-136.6050	-164.2594	766.3452
-136.5301	-165.3521	767.4404
-136.3630	-167.0127	769.1094
-136.1532	-168.5648	770.6757
-135.8599	-170.2314	772.3679
-135.5150	-171.7519	773.9269
-135.0920	-173.3295	775.5603
-134.6161	-174.7857	777.0923
-134.0566	-176.3095	778.7155
-133.4473	-177.7569	780.2859
-132.7846	-179.1867	781.8618
-132.1089	-180.5459	783.3798
-131.3241	-182.0090	785.0401
-130.5715	-183.3026	786.5366
-129.7516	-184.6054	788.0760
-128.9091	-185.8417	789.5720
-127.9408	-187.1491	791.1989
-127.0107	-188.3029	792.6809
-125.9963	-189.4628	794.2219
-125.0433	-190.4674	795.6066
-123.9536	-191.5086	797.1137
-122.9355	-192.4009	798.4675
-121.8228	-193.2786	799.8847
-120.7400	-194.0534	801.2162
-119.5230	-194.8315	802.6606
-118.3639	-195.4974	803.9975
-117.1083	-196.1497	805.4123
-115.8888	-196.7037	806.7518
-114.5471	-197.2416	808.1973
-113.3031	-197.6735	809.5142
-112.0160	-198.0578	810.8574
-110.7314	-198.3751	812.1806
-109.2831	-198.6678	813.6582
-107.8873	-198.8816	815.0702
-106.3420	-199.0518	816.6249
-104.8159	-199.1514	818.1543
-103.1901	-199.2036	819.7809
-102.1759	-199.2073	820.7951
-101.0527	-199.1912	821.9185
-99.7612	-199.1591	823.2103
-98.7362	-199.1185	824.2362
-97.4927	-199.0571	825.4812
-96.1697	-198.9913	826.8058
-95.0793	-198.9332	827.8977
-93.7553	-198.8611	829.2236
-92.3478	-198.7794	830.6336
-91.1914	-198.7108	831.7920
-89.7908	-198.6129	833.1960
-88.4263	-198.5063	834.5647
-87.1600	-198.3956	835.8358
-85.8789	-198.2786	837.1222
-84.4057	-198.1306	838.6029
-83.1553	-197.9964	839.8604
-81.6551	-197.8204	841.3709
-80.0193	-197.6036	843.0210
-78.7389	-197.4213	844.3143
-77.2655	-197.1870	845.8063
-75.5965	-196.9006	847.4996
-74.2928	-196.6530	848.8266
-72.7345	-196.3303	850.4180
-71.0446	-195.9467	852.1509
-69.7894	-195.6401	853.4430
-68.2154	-195.2289	855.0698
-66.5764	-194.7711	856.7716
-65.2493	-194.3757	858.1563
-63.6686	-193.8779	859.8136
-61.9617	-193.3038	861.6144
-60.6357	-192.8394	863.0194
-59.0643	-192.2603	864.6941
-57.4402	-191.6268	866.4374
-56.1382	-191.1042	867.8404
-54.6079	-190.4549	869.5027
-53.0883	-189.7875	871.1624
-51.8414	-189.2055	872.5385
-50.3898	-188.4982	874.1532
-48.9189	-187.7522	875.8024
-47.7675	-187.1364	877.1082
-46.4348	-186.3986	878.6314
-45.0419	-185.5871	880.2435
-43.9783	-184.9477	881.4845
-42.7295	-184.1636	882.9591
-41.3908	-183.2960	884.5543
-40.3581	-182.6038	885.7975
-39.1790	-181.7976	887.2259
-37.8642	-180.8652	888.8378
-36.8397	-180.1324	890.0974
-35.6382	-179.2297	891.6002
-34.3836	-178.2867	893.1697
-33.3828	-177.5044	894.4400
-32.1978	-176.5583	895.9563
-30.9246	-175.5203	897.5990
-29.9429	-174.6992	898.8789
-28.7868	-173.7119	900.3992
-27.5992	-172.6764	901.9748
-26.6516	-171.8360	903.2413
-25.5339	-170.8347	904.7419
-24.3426	-169.7462	906.3557
-23.4144	-168.9020	907.6103
-22.3615	-167.9248	909.0469
-21.2016	-166.8635	910.6190
-20.2652	-165.9819	911.9051
-19.1300	-164.9188	913.4604
-17.9475	-163.7832	915.0999
-16.9439	-162.8038	916.5021
-15.8542	-161.7281	918.0334
-14.6506	-160.5114	919.7448
-13.7312	-159.5626	921.0660
-12.6938	-158.4742	922.5696
-11.5903	-157.2856	924.1914
-10.7082	-156.3211	925.4986
-9.7150	-155.2038	926.9935
-8.5994	-153.9320	928.6852
-7.7407	-152.9239	930.0095
-6.7244	-151.7119	931.5911
-5.6927	-150.4358	933.2321
-4.8756	-149.4081	934.5451
-3.9362	-148.1837	936.0883
-3.0238	-146.9662	937.6098
-2.2509	-145.9007	938.9261
-1.4492	-144.7417	940.3353
-0.5834	-143.4520	941.8887
0.0526	-142.4533	943.0727
0.7772	-141.2757	944.4554
1.4919	-140.0663	945.8602
2.0372	-139.1007	946.9691
2.6265	-138.0088	948.2099
3.2674	-136.7565	949.6167
3.7135	-135.8281	950.6466
4.1914	-134.7834	951.7955
4.6704	-133.6683	953.0091
5.2567	-132.2032	954.5871
5.8056	-130.6956	956.1916
6.2787	-129.2898	957.6749
6.7470	-127.7489	959.2853
7.0222	-126.7852	960.2876
7.3120	-125.6878	961.4226
7.5999	-124.4906	962.6540
