-65.2012	-197.1394	43.0760
-64.1301	-196.9462	44.1643
-63.0551	-196.7497	45.2571
-61.9752	-196.5499	46.3553
-60.8908	-196.3448	47.4590
-59.8042	-196.1375	48.5652
-58.7175	-195.9282	49.6718
-57.6270	-195.7122	50.7835
-56.5387	-195.4933	51.8936
-55.4512	-195.2688	53.0040
-54.3639	-195.0384	54.1154
-53.2798	-194.8040	55.2247
-52.1981	-194.5640	56.3327
-51.1185	-194.3204	57.4394
-50.0429	-194.0713	58.5434
-48.9709	-193.8209	59.6443
-47.9032	-193.5680	60.7416
-46.8401	-193.3094	61.8356
-45.7816	-193.0479	62.9260
-44.7272	-192.7838	64.0129
-43.6784	-192.5134	65.0961
-42.6351	-192.2422	66.1741
-41.5965	-191.9683	67.2481
-40.5648	-191.6912	68.3164
-39.5401	-191.4116	69.3786
-38.5202	-191.1265	70.4376
-37.5077	-190.8374	71.4905
-36.5019	-190.5389	72.5396
-35.5021	-190.2290	73.5864
-34.5110	-189.9081	74.6281
-33.5279	-189.5755	75.6660
-32.5547	-189.2303	76.6986
-31.5922	-188.8698	77.7264
-30.6413	-188.4951	78.7485
-29.7018	-188.1050	79.7657
-28.7753	-187.6999	80.7769
-27.8597	-187.2766	81.7856
-26.9590	-186.8383	82.7873
-25.9636	-186.3258	83.9069
-24.9863	-185.7947	85.0192
-24.0274	-185.2445	86.1247
-23.0855	-184.6746	87.2256
-22.1608	-184.0899	88.3196
-21.2513	-183.4908	89.4088
-20.3584	-182.8786	90.4913
-19.4843	-182.2562	91.5645
-18.6257	-181.6211	92.6324
-17.7853	-180.9739	93.6931
-16.9620	-180.3145	94.7479
-16.1533	-179.6433	95.7989
-15.3603	-178.9637	96.8433
-14.5837	-178.2752	97.8811
-13.8217	-177.5798	98.9127
-13.0722	-176.8775	99.9398
-12.3399	-176.1667	100.9604
-11.6243	-175.4475	101.9749
-10.9255	-174.7228	102.9817
-10.2409	-173.9911	103.9837
-9.4985	-173.1708	105.0900
-8.7736	-172.3438	106.1898
-8.0625	-171.5132	107.2832
-7.3671	-170.6798	108.3687
-6.6862	-169.8382	109.4512
-6.0177	-168.9904	110.5308
-5.3590	-168.1369	111.6090
-4.7074	-167.2757	112.6889
-4.0625	-166.4083	113.7697
-3.4221	-165.5344	114.8531
-2.7844	-164.6541	115.9402
-2.1534	-163.7652	117.0303
-1.5333	-162.8639	118.1243
-0.9242	-161.9473	119.2248
-0.3238	-161.0172	120.3319
0.2053	-160.1666	121.3336
0.7227	-159.3017	122.3415
1.2298	-158.4232	123.3558
1.7222	-157.5296	124.3760
2.2002	-156.6208	125.4030
2.6635	-155.6973	126.4361
3.1080	-154.7586	127.4748
3.5358	-153.8041	128.5208
3.9427	-152.8333	129.5733
4.3284	-151.8453	130.6340
4.6938	-150.8422	131.7016
5.0391	-149.8257	132.7751
5.3645	-148.7959	133.8551
5.6709	-147.7530	134.9420
5.9578	-146.6964	136.0369
6.2247	-145.6283	137.1379
6.4740	-144.5475	138.2471
6.7052	-143.4569	139.3619
6.9162	-142.3564	140.4825
7.0891	-141.3698	141.4841
7.2479	-140.3753	142.4911
7.3927	-139.3716	143.5052
7.5251	-138.3604	144.5251
7.6464	-137.3418	145.5509
7.7571	-136.3149	146.5838
7.8573	-135.2807	147.6228
7.9488	-134.2392	148.6683
8.0310	-133.1886	149.7221
8.1018	-132.1292	150.7839
8.1642	-131.0605	151.8544
8.2196	-129.9792	152.9371
8.2676	-128.8875	154.0299
8.3093	-127.7858	155.1323
8.3439	-126.6724	156.2463
8.3712	-125.5486	157.3705
8.3922	-124.4147	158.5045
8.4057	-123.4129	159.5065
8.4165	-122.4037	160.5157
8.4248	-121.3883	161.5311
8.4316	-120.3651	162.5543
8.4380	-119.3353	163.5842
8.4441	-118.2989	164.6206
8.4492	-117.2541	165.6654
8.4530	-116.2031	166.7164
8.4569	-115.1452	167.7743
8.4605	-114.0793	168.8402
8.4638	-113.0071	169.9124
8.4657	-111.9280	170.9915
8.4682	-110.8423	172.0772
8.4705	-109.7504	173.1691
8.4717	-108.6525	174.2671
8.4733	-107.5477	175.3719
8.4754	-106.4367	176.4828
8.4776	-105.3188	177.6007
8.4796	-104.1958	178.7237
8.4812	-103.0677	179.8518
8.4833	-101.9341	180.9854
8.4866	-100.7940	182.1255
8.4899	-99.6487	183.2708
8.4942	-98.4980	184.4216
8.5012	-97.3416	185.5780
8.5088	-96.1805	186.7391
8.5172	-95.0135	187.9061
8.5244	-94.0083	188.9114
8.5310	-93.0005	189.9191
8.5362	-91.9902	190.9295
8.5396	-90.9731	191.9466
8.5430	-89.9538	192.9659
8.5467	-88.9324	193.9873
8.5508	-87.9075	195.0122
8.5562	-86.8791	196.0406
8.5640	-85.8468	197.0730
8.5731	-84.8113	198.1084
8.5832	-83.7726	199.1472
8.5931	-82.7307	200.1892
8.6027	-81.6861	201.2339
8.6119	-80.6386	202.2813
8.6272	-79.5823	203.3378
8.6418	-78.5229	204.3973
8.6544	-77.4627	205.4575
8.6666	-76.3998	206.5205
8.6785	-75.3344	207.5860
8.6912	-74.2655	208.6549
8.7036	-73.1938	209.7267
8.7155	-72.1186	210.8020
8.7282	-71.0403	211.8804
8.7407	-69.9594	212.9613
8.7530	-68.8756	214.0452
8.7644	-67.7891	215.1318
8.7755	-66.7000	216.2210
8.7867	-65.6082	217.3128
8.7975	-64.5138	218.4072
8.8076	-63.4170	219.5041
8.8189	-62.3170	220.6041
8.8310	-61.2138	221.7074
8.8433	-60.1080	222.8132
8.8562	-58.9998	223.9215
8.8698	-57.8894	225.0321
8.8834	-56.7765	226.1451
8.8973	-55.6606	227.2611
8.9118	-54.5420	228.3797
8.9279	-53.4187	229.5031
8.9453	-52.2918	230.6302
8.9628	-51.1628	231.7593
8.9797	-50.0316	232.8907
8.9959	-48.8979	234.0244
9.0120	-47.7627	235.1598
9.0274	-46.6254	236.2971
9.0415	-45.4860	237.4366
9.0552	-44.3444	238.5783
9.0696	-43.1990	239.7238
9.0835	-42.0518	240.8711
9.0966	-40.9027	242.0203
9.1098	-39.7517	243.1714
9.1227	-38.5989	244.3242
9.1347	-37.4444	245.4788
9.1466	-36.2880	246.6352
9.1582	-35.1296	247.7937
9.1695	-33.9687	248.9547
9.1810	-32.8054	250.1180
9.1917	-31.6404	251.2830
9.2018	-30.4736	252.4499
9.2114	-29.3052	253.6183
9.2207	-28.1348	254.7888
9.2302	-26.9629	255.9608
9.2396	-25.7885	257.1352
9.2483	-24.6119	258.3117
9.2587	-23.4304	259.4934
9.2676	-22.2476	260.6762
9.2751	-21.0635	261.8603
9.2817	-19.8780	263.0458
9.2883	-18.6910	264.2328
9.2946	-17.5020	265.4218
9.3021	-16.3109	266.6130
9.3092	-15.1182	267.8057
9.3167	-13.9239	269.0000
9.3247	-12.7286	270.1953
9.3329	-11.5324	271.3916
9.3418	-10.3354	272.5886
9.3517	-9.1369	273.7871
9.3625	-7.9369	274.9872
9.3704	-6.9364	275.9878
9.3795	-5.9349	276.9892
9.3881	-4.9333	277.9909
9.3954	-3.9319	278.9923
9.4025	-2.9305	279.9938
9.4091	-1.9287	280.9956
9.4161	-0.9265	281.9978
9.4238	0.0751	282.9994
9.4325	1.0770	284.0013
9.4418	2.0788	285.0032
9.4519	3.0793	286.0037
9.4623	4.0793	287.0038
9.4727	5.0795	288.0041
9.4845	6.2777	289.2023
9.4959	7.4740	290.3987
9.5068	8.6688	291.5935
9.5175	9.8614	292.7861
9.5292	11.0525	293.9774
9.5413	12.2419	295.1668
9.5538	13.4293	296.3542
9.5662	14.6147	297.5398
9.5782	15.7976	298.7227
9.5902	16.9783	299.9034
9.6022	18.1569	301.0822
9.6149	19.3337	302.2589
9.6284	20.5078	303.4331
9.6425	21.6793	304.6047
9.6574	22.8481	305.7736
9.6726	24.0143	306.9399
9.6885	25.1781	308.1039
9.7044	26.3392	309.2651
9.7205	27.4980	310.4240
9.7369	28.6544	311.5805
9.7534	29.8082	312.7344
9.7696	30.9595	313.8858
9.7852	32.1080	315.0345
9.8001	33.2539	316.1804
9.8148	34.3972	317.3238
9.8293	35.5381	318.4648
9.8437	36.6771	319.6039
9.8577	37.8132	320.7401
9.8714	38.9463	321.8733
9.8839	40.0767	323.0037
9.8950	41.2046	324.1317
9.9043	42.3300	325.2571
9.9118	43.4530	326.3802
9.9179	44.5735	327.5006
9.9230	45.6913	328.6185
9.9272	46.8065	329.7337
9.9322	47.9187	330.8459
9.9378	49.0285	331.9558
9.9439	50.1361	333.0633
9.9503	51.2409	334.1682
9.9570	52.3431	335.2703
9.9642	53.4422	336.3694
9.9715	54.5383	337.4656
9.9784	55.6319	338.5592
9.9862	56.7228	339.6501
9.9944	57.8113	340.7387
10.0025	58.8974	341.8248
10.0110	59.9806	342.9081
10.0198	61.0607	343.9882
10.0294	62.1378	345.0653
10.0397	63.2116	346.1392
10.0500	64.2821	347.2097
10.0606	65.3489	348.2766
10.0711	66.4116	349.3393
10.0812	67.4702	350.3980
10.0911	68.5245	351.4523
10.1000	69.5746	352.5025
10.1089	70.6205	353.5485
10.1171	71.6627	354.5907
10.1253	72.7009	355.6289
10.1340	73.7340	356.6620
10.1430	74.7616	357.6896
10.1521	75.7836	358.7117
10.1613	76.8002	359.7284
10.1707	77.8114	360.7396
10.1802	78.8172	361.7454
10.1902	79.8177	362.7460
10.2022	80.9793	363.9077
10.2152	82.1330	365.0614
10.2286	83.2799	366.2084
10.2421	84.4197	367.3483
10.2553	85.5515	368.4802
10.2684	86.6766	369.6053
10.2810	87.7947	370.7235
10.2929	88.9049	371.8337
10.3047	90.0074	372.9363
10.3168	91.1018	374.0308
10.3288	92.1870	375.1161
10.3403	93.2641	376.1932
10.3516	94.3321	377.2613
10.3620	95.3906	378.3198
10.3712	96.4406	379.3699
10.3785	97.4810	380.4103
10.3855	98.5106	381.4399
10.3926	99.5311	382.4605
10.3994	100.5418	383.4712
10.4066	101.5421	384.4715
10.4145	102.6756	385.6050
10.4201	103.7970	386.7265
10.4244	104.9063	387.8358
10.4280	106.0037	388.9331
10.4311	107.0878	390.0172
10.4342	108.1600	391.0895
10.4374	109.2217	392.1512
10.4390	110.2717	393.2012
10.4393	111.3104	394.2399
10.4401	112.3378	395.2672
10.4405	113.3534	396.2828
10.4413	114.3586	397.2881
10.4446	115.4776	398.4071
10.4487	116.5846	399.5140
10.4514	117.6784	400.6079
10.4550	118.7584	401.6879
10.4576	119.8243	402.7538
10.4595	120.8769	403.8064
10.4631	121.9159	404.8454
10.4673	122.9408	405.8703
10.4730	123.9518	406.8813
10.4786	125.0592	407.9887
10.4849	126.1505	409.0801
10.4933	127.2245	410.1541
10.5001	128.2818	411.2114
10.5078	129.3234	412.2530
10.5156	130.3472	413.2769
10.5240	131.3548	414.2845
10.5353	132.4439	415.3737
10.5511	133.5119	416.4418
10.5744	134.5563	417.4865
10.6078	135.5813	418.5120
10.6493	136.5836	419.5151
10.7044	137.6508	420.5838
10.7713	138.6903	421.6254
10.8511	139.7027	422.6409
10.9578	140.7679	423.7115
11.0891	141.7999	424.7518
11.2475	142.7962	425.7606
11.4500	143.8384	426.8223
11.6897	144.8594	427.8711
11.9674	145.8598	428.9092
12.2791	146.8396	429.9375
12.6236	147.7938	430.9519
12.9985	148.7263	431.9570
13.4360	149.7032	433.0274
13.9046	150.6480	434.0820
14.4003	151.5671	435.1263
14.9184	152.4552	436.1544
15.4572	153.3237	437.1765
16.0079	154.1776	438.1926
16.5653	155.0114	439.1955
17.1665	155.8800	440.2519
17.7675	156.7309	441.2936
18.3636	157.5661	442.3198
18.9549	158.3872	443.3316
19.5386	159.2013	444.3334
20.1384	160.0609	445.3815
20.7244	160.9123	446.4151
21.2992	161.7657	447.4440
21.8486	162.6179	448.4580
22.4029	163.5196	449.5164
22.9347	164.4248	450.5663
23.4354	165.3332	451.6035
23.8993	166.2462	452.6276
24.3250	167.1667	453.6418
24.7192	168.1020	454.6567
25.0697	169.0414	455.6594
25.3842	170.0345	456.7011
25.6424	171.0326	457.7321
25.8439	172.0287	458.7483
25.9834	173.0206	459.7500
26.0659	174.0587	460.7914
26.0803	175.0860	461.8188
26.0255	176.1026	462.8369
25.9010	177.1132	463.8552
25.6919	178.1193	464.8827
25.3970	179.1224	465.9282
25.0318	180.0752	466.9487
24.5734	181.0261	468.0043
24.0507	181.9233	469.0427
23.4681	182.7621	470.0639
22.7988	183.5840	471.1239
22.0979	184.3385	472.1537
21.3174	185.0534	473.2121
20.5185	185.6831	474.2293
19.6612	186.2714	475.2691
18.7508	186.8111	476.3274
17.8559	187.2639	477.3304
16.9218	187.6706	478.3491
15.9561	188.0408	479.3833
14.9615	188.3793	480.4340
13.9395	188.6841	481.5005
12.9668	188.9378	482.5057
11.9746	189.1717	483.5252
10.9656	189.3907	484.5577
9.9399	189.5945	485.6034
8.8981	189.7767	486.6610
7.8408	189.9371	487.7304
6.7679	190.0768	488.8123
5.7665	190.1873	489.8199
4.7566	190.2782	490.8338
3.7411	190.3499	491.8519
2.7194	190.4047	492.8750
1.6926	190.4418	493.9025
0.6631	190.4591	494.9322
-0.3680	190.4552	495.9632
-1.4002	190.4315	496.9957
-2.4331	190.3836	498.0297
-3.4654	190.3051	499.0650
-4.4956	190.1982	500.1007
-5.5206	190.0611	501.1348
-6.5421	189.8910	502.1704
-7.5548	189.6852	503.2038
-8.5554	189.4425	504.2334
-9.5432	189.1647	505.2595
-10.5165	188.8526	506.2816
-11.4755	188.5039	507.3021
-12.4183	188.1195	508.3202
-13.3449	187.6993	509.3377
-14.2532	187.2435	510.3539
-15.1442	186.7514	511.3718
-16.0157	186.2218	512.3916
-16.8661	185.6593	513.4112
-17.6937	185.0651	514.4300
-18.4952	184.4368	515.4484
-19.2713	183.7754	516.4681
-20.0216	183.0823	517.4896
-20.7472	182.3593	518.5138
-21.4443	181.6067	519.5397
-22.1116	180.8244	520.5680
-22.7485	180.0142	521.5985
-23.3545	179.1767	522.6323
-23.9306	178.3111	523.6720
-24.4769	177.4186	524.7185
-24.9935	176.4985	525.7736
-25.4821	175.5520	526.8389
-25.9417	174.5764	527.9173
-26.3712	173.5760	529.0059
-26.7395	172.6396	530.0122
-27.0822	171.6814	531.0298
-27.4006	170.7033	532.0585
-27.6948	169.7069	533.0974
-27.9628	168.6907	534.1484
-28.2062	167.6563	535.2110
-28.4255	166.6065	536.2835
-28.6202	165.5382	537.3694
-28.7908	164.4552	538.4658
-28.9256	163.4587	539.4713
-29.0442	162.4517	540.4853
-29.1455	161.4336	541.5084
-29.2317	160.4074	542.5382
-29.3047	159.3726	543.5755
-29.3666	158.3303	544.6197
-29.4194	157.2825	545.6688
-29.4622	156.2307	546.7215
-29.4943	155.1752	547.7775
-29.5207	154.1150	548.8380
-29.5423	153.0515	549.9018
-29.5601	151.9847	550.9686
-29.5750	150.9167	552.0368
-29.5871	149.8475	553.1061
-29.5959	148.7763	554.1773
-29.6030	147.7033	555.2503
-29.6082	146.6292	556.3244
-29.6102	145.5550	557.3987
-29.6088	144.4801	558.4735
-29.6047	143.4039	559.5497
-29.5989	142.3273	560.6264
-29.5915	141.2531	561.7006
-29.5817	140.1861	562.7676
-29.5715	139.1322	563.8216
-29.5624	138.0947	564.8591
-29.5534	137.0753	565.8785
-29.5444	135.9780	566.9758
-29.5368	134.9027	568.0512
-29.5299	133.8451	569.1088
-29.5244	132.7979	570.1560
-29.5219	131.7530	571.2010
-29.5232	130.7064	572.2475
-29.5286	129.6598	573.2942
-29.5410	128.6151	574.3389
-29.5618	127.5739	575.3804
-29.5908	126.5377	576.4170
-29.6291	125.5053	577.4501
-29.6787	124.4767	578.4799
-29.7421	123.4523	579.5062
-29.8212	122.4329	580.5287
-29.9181	121.4193	581.5469
-30.0332	120.4129	582.5598
-30.1684	119.4121	583.5698
-30.3226	118.4186	584.5751
-30.5129	117.3446	585.6658
-30.7309	116.2820	586.7506
-30.9754	115.2304	587.8303
-31.2456	114.1918	588.9034
-31.5456	113.1687	589.9696
-31.8783	112.1582	591.0335
-32.2424	111.1548	592.1008
-32.6407	110.1606	593.1719
-33.0729	109.1744	594.2487
-33.5369	108.1968	595.3308
-34.0366	107.2302	596.4189
-34.5313	106.3596	597.4202
-35.0600	105.5048	598.4253
-35.6219	104.6679	599.4334
-36.2203	103.8531	600.4443
-36.8518	103.0604	601.4578
-37.5141	102.2925	602.4718
-38.2063	101.5518	603.4856
-38.9246	100.8401	604.4968
-39.6705	100.1608	605.5056
-40.4440	99.5163	606.5124
-41.2410	98.9028	607.5183
-42.0584	98.3208	608.5217
-42.8960	97.7744	609.5218
-43.8298	97.2147	610.6104
-44.7828	96.6924	611.6972
-45.7522	96.2039	612.7827
-46.7318	95.7448	613.8645
-47.7175	95.3127	614.9408
-48.7029	94.8951	616.0110
-49.6849	94.4863	617.0748
-50.6601	94.0811	618.1307
-51.6254	93.6748	619.1781
-52.5816	93.2592	620.2207
-53.5272	92.8296	621.2593
-54.4625	92.3803	622.2970
-55.3882	91.9109	623.3348
-56.3059	91.4247	624.3734
-57.2122	90.9181	625.4117
-58.1047	90.3886	626.4494
-58.9827	89.8345	627.4877
-59.8437	89.2552	628.5254
-60.6901	88.6556	629.5627
-61.5176	88.0366	630.5961
-62.3245	87.4001	631.6237
-63.1127	86.7502	632.6453
-63.8842	86.0907	633.6603
-64.6389	85.4253	634.6665
-65.4398	84.7014	635.7460
-66.2257	83.9745	636.8166
-67.0032	83.2397	637.8863
-67.7767	82.4968	638.9588
-68.5460	81.7458	640.0339
-69.3153	80.9899	641.1124
-70.0870	80.2320	642.1941
-70.8046	79.5336	643.1954
-71.5319	78.8426	644.1986
-72.2731	78.1639	645.2037
-73.0305	77.4981	646.2120
-73.8038	76.8461	647.2235
-74.5942	76.2131	648.2362
-75.4041	75.6026	649.2504
-76.2341	75.0160	650.2668
-77.0834	74.4519	651.2863
-77.9514	73.9117	652.3087
-78.8375	73.4006	653.3316
-79.7398	72.9166	654.3555
-80.6583	72.4589	655.3818
-81.5921	72.0300	656.4094
-82.5358	71.6253	657.4362
-83.4851	71.2381	658.4614
-84.4360	70.8598	659.4848
-85.3851	70.4818	660.5064
-86.3322	70.0982	661.5283
-87.2770	69.7107	662.5494
-88.2184	69.3153	663.5705
-89.1547	68.9094	664.5910
-90.0851	68.4889	665.6120
-91.0118	68.0553	666.6351
-91.9352	67.6084	667.6610
-92.8544	67.1461	668.6899
-93.7704	66.6694	669.7225
-94.6839	66.1807	670.7586
-95.5940	65.6802	671.7972
-96.4996	65.1681	672.8375
-97.4023	64.6470	673.8799
-98.3040	64.1182	674.9252
-99.2027	63.5820	675.9717
-100.1016	63.0432	677.0196
-100.9978	62.4964	678.0695
-101.8925	61.9439	679.1211
-102.7867	61.3894	680.1732
-103.6783	60.8307	681.2254
-104.5683	60.2702	682.2772
-105.4566	59.7061	683.3295
-106.3448	59.1384	684.3836
-107.2351	58.5722	685.4387
-108.1245	58.0070	686.4925
-109.0091	57.4352	687.5458
-109.8872	56.8537	688.5990
-110.7575	56.2631	689.6507
-111.6187	55.6640	690.6999
-112.4683	55.0500	691.7480
-113.3044	54.4196	692.7952
-114.1278	53.7743	693.8413
-114.9355	53.1123	694.8857
-115.7242	52.4334	695.9263
-116.4931	51.7370	696.9637
-117.2395	51.0192	697.9993
-117.9633	50.2808	699.0333
-118.6636	49.5210	700.0666
-119.3396	48.7419	701.0981
-119.9912	47.9438	702.1283
-120.6171	47.1259	703.1583
-121.2150	46.2853	704.1898
-121.7843	45.4241	705.2222
-122.3239	44.5450	706.2537
-122.8319	43.6466	707.2858
-123.3096	42.7286	708.3206
-123.7578	41.7904	709.3604
-124.1758	40.8313	710.4067
-124.5640	39.8511	711.4609
-124.9209	38.8482	712.5254
-125.2460	37.8220	713.6018
-125.5366	36.7722	714.6912
-125.7728	35.7886	715.7027
-125.9801	34.7867	716.7259
-126.1569	33.7663	717.7614
-126.3049	32.7271	718.8111
-126.4280	31.6728	719.8726
-126.5276	30.6041	720.9459
-126.6054	29.5195	722.0332
-126.6670	28.4204	723.1341
-126.7122	27.4087	724.1468
-126.7497	26.3853	725.1709
-126.7808	25.3484	726.2082
-126.8044	24.2997	727.2572
-126.8217	23.2376	728.3195
-126.8329	22.1601	729.3970
-126.8420	21.0703	730.4869
-126.8485	19.9685	731.5887
-126.8509	18.9663	732.5909
-126.8513	17.9539	733.6033
-126.8506	16.9317	734.6255
-126.8474	15.9007	735.6565
-126.8447	14.8624	736.6948
-126.8414	13.8199	737.7373
-126.8372	12.7737	738.7836
-126.8321	11.7244	739.8328
-126.8257	10.6715	740.8858
-126.8184	9.6163	741.9410
-126.8124	8.5599	742.9974
-126.8085	7.5024	744.0549
-126.8065	6.4436	745.1137
-126.8065	5.3837	746.1736
-126.8094	4.3227	747.2347
-126.8158	3.2607	748.2967
-126.8261	2.1984	749.3589
-126.8374	1.1357	750.4218
-126.8501	0.0734	751.4841
-126.8696	-0.9882	752.5459
-126.8911	-2.0491	753.6070
-126.9143	-3.1099	754.6680
-126.9441	-4.1710	755.7296
-126.9777	-5.2319	756.7910