-123.5321	-3.6904	0.0000
-123.5196	-4.6907	1.0004
-123.5074	-5.6978	2.0076
-123.4958	-6.6991	3.0090
-123.4842	-7.7014	4.0114
-123.4729	-8.7064	5.0164
-123.4625	-9.7083	6.0184
-123.4531	-10.7091	7.0192
-123.4453	-11.7095	8.0196
-123.4396	-12.7097	9.0199
-123.4367	-13.7101	10.0202
-123.4373	-14.7109	11.0210
-123.4433	-15.7125	12.0227
-123.4614	-16.7152	13.0255
-123.5020	-17.7186	14.0298
-123.5699	-18.7220	15.0355
-123.6632	-19.7249	16.0427
-123.7753	-20.7191	17.0432
-123.8999	-21.7133	18.0451
-124.0298	-22.7084	19.0487
-124.1592	-23.7053	20.0540
-124.2843	-24.7046	21.0611
-124.4019	-25.6983	22.0617
-124.5125	-26.6944	23.0639
-124.6168	-27.6926	24.0675
-124.7164	-28.6925	25.0724
-124.8134	-29.6937	26.0783
-124.9104	-30.6958	27.0850
-125.0093	-31.6986	28.0927
-125.1106	-32.6934	29.0927
-125.2156	-33.6885	30.0933
-125.3249	-34.6834	31.0942
-125.4392	-35.6780	32.0953
-125.5591	-36.6722	33.0968
-125.6859	-37.6657	34.0983
-125.8203	-38.6584	35.1000
-125.9621	-39.6499	36.1016
-126.1090	-40.6406	37.1031
-126.2583	-41.6307	38.1045
-126.4064	-42.6209	39.1057
-126.5502	-43.6115	40.1067
-126.6874	-44.6028	41.1074
-126.8165	-45.5950	42.1079
-126.9369	-46.5879	43.1082
-127.0486	-47.5817	44.1082
-127.1537	-48.5843	45.1163
-127.2534	-49.5872	46.1242
-127.3504	-50.5902	47.1318
-127.4473	-51.5929	48.1392
-127.5466	-52.5953	49.1465
-127.6494	-53.5972	50.1537
-127.7563	-54.5986	51.1608
-127.8668	-55.5996	52.1678
-127.9800	-56.6002	53.1748
-128.0948	-57.6006	54.1818
-128.2100	-58.6009	55.1887
-128.3247	-59.6014	56.1958
-128.4383	-60.6021	57.2028
-128.5502	-61.6029	58.2099
-128.6605	-62.6041	59.2171
-128.7693	-63.6055	60.2244
-128.8767	-64.6071	61.2318
-128.9833	-65.6088	62.2392
-129.0894	-66.6107	63.2467
-129.1955	-67.6127	64.2543
-129.3018	-68.6148	65.2620
-129.4086	-69.6168	66.2697
-129.5159	-70.6189	67.2775
-129.6236	-71.6210	68.2854
-129.7317	-72.6231	69.2933
-129.8401	-73.6252	70.3013
-129.9485	-74.6274	71.3093
-130.0569	-75.6296	72.3173
-130.1652	-76.6318	73.3253
-130.2732	-77.6340	74.3334
-130.3810	-78.6363	75.3414
-130.4885	-79.6386	76.3495
-130.5958	-80.6409	77.3575
-130.7030	-81.6432	78.3656
-130.8101	-82.6456	79.3736
-130.9171	-83.6479	80.3816
-131.0241	-84.6502	81.3896
-131.1313	-85.6525	82.3976
-131.2388	-86.6547	83.4055
-131.3464	-87.6569	84.4135
-131.4539	-88.6591	85.4214
-131.5607	-89.6613	86.4294
-131.6663	-90.6637	87.4373
-131.7716	-91.6661	88.4452
-131.8778	-92.6684	89.4531
-131.9871	-93.6703	90.4610
-132.1013	-94.6717	91.4688
-132.2201	-95.6725	92.4767
-132.3413	-96.6730	93.4846
-132.4619	-97.6736	94.4924
-132.5795	-98.6746	95.5002
-132.6921	-99.6761	96.5081
-132.7981	-100.6784	97.5160
-132.8962	-101.6816	98.5239
-132.9857	-102.6855	99.5318
-133.0677	-103.6902	100.5398
-133.1415	-104.6954	101.5478
-133.2008	-105.7017	102.5558
-133.2375	-106.7091	103.5639
-133.2511	-107.7171	104.5720
-133.2470	-108.7251	105.5800
-133.2324	-109.7329	106.5879
-133.2147	-110.7407	107.5958
-133.2003	-111.7485	108.6037
-133.1932	-112.7565	109.6117
-133.1948	-113.7646	110.6198
-133.2053	-114.7727	111.6280
-133.2236	-115.7807	112.6362
-133.2477	-116.7886	113.6444
-133.2750	-117.7963	114.6524
-133.3034	-118.8038	115.6604
-133.3305	-119.8113	116.6682
-133.3549	-120.8186	117.6758
-133.3757	-121.8261	118.6835
-133.3927	-122.8337	119.6912
-133.4064	-123.8415	120.6991
-133.4174	-124.8494	121.7071
-133.4267	-125.8577	122.7154
-133.4354	-126.8659	123.7237
-133.4441	-127.8661	124.7239
-133.4535	-128.8662	125.7241
-133.4641	-129.8665	126.7244
-133.4757	-130.8667	127.7247
-133.4885	-131.8670	128.7251
-133.5021	-132.8673	129.7255
-133.5161	-133.8675	130.7258
-133.5303	-134.8677	131.7260
-133.5444	-135.8678	132.7262
-133.5580	-136.8678	133.7263
-133.5710	-137.8678	134.7264
-133.5835	-138.8760	135.7347
-133.5955	-139.8842	136.7429
-133.6069	-140.8923	137.7511
-133.6180	-141.9003	138.7592
-133.6287	-142.9083	139.7673
-133.6393	-143.9163	140.7753
-133.6498	-144.9243	141.7834
-133.6603	-145.9322	142.7913
-133.6712	-146.9402	143.7993
-133.6824	-147.9481	144.8073
-133.6938	-148.9560	145.8153
-133.7052	-149.9638	146.8232
-133.7154	-150.9717	147.8311
-133.7232	-151.9795	148.8390
-133.7286	-152.9873	149.8468
-133.7328	-153.9951	150.8546
-133.7381	-155.0029	151.8624
-133.7483	-156.0105	152.8701
-133.7667	-157.0181	153.8778
-133.7935	-158.0254	154.8855
-133.8257	-159.0326	155.8932
-133.8575	-160.0397	156.9008
-133.8817	-161.0470	157.9084
-133.8928	-162.0546	158.9161
-133.8869	-163.0623	159.9238
-133.8626	-164.0697	160.9315
-133.8197	-165.0766	161.9393
-133.7589	-166.0826	162.9471
-133.6817	-167.0874	163.9549
-133.5896	-168.0909	164.9626
-133.4841	-169.0931	165.9703
-133.3661	-170.0939	166.9780
-133.2361	-171.0931	167.9857
-133.0937	-172.0906	168.9933
-132.9380	-173.0861	170.0009
-132.7674	-174.0791	171.0085
-132.5800	-175.0691	172.0160
-132.3734	-176.0553	173.0236
-132.1453	-177.0367	174.0312
-131.8930	-178.0121	175.0387
-131.6139	-178.9802	176.0462
-131.3054	-179.9394	177.0538
-130.9649	-180.8876	178.0613
-130.5895	-181.8226	179.0688
-130.1762	-182.7414	180.0763
-129.7218	-183.6404	181.0836
-129.2225	-184.5150	182.0907
-128.6740	-185.3593	183.0976
-128.0828	-186.1737	184.1039
-127.4830	-186.9801	185.1089
-126.8909	-187.7920	186.1138
-126.2946	-188.6020	187.1196
-125.6894	-189.4063	188.1262
-125.0742	-190.2039	189.1334
-124.4589	-191.0021	190.1413
-123.8481	-191.7945	191.1418
-123.2342	-192.5858	192.1433
-122.6112	-193.3712	193.1458
-121.9703	-194.1434	194.1492
-121.3036	-194.8941	195.1533
-120.6047	-195.6155	196.1577
-119.8696	-196.3001	197.1623
-119.0968	-196.9420	198.1668
-118.2873	-197.5360	199.1709
-117.4442	-198.0798	200.1742
-116.5747	-198.5771	201.1758
-115.6815	-199.0450	202.1841
-114.7744	-199.4810	203.1906
-113.8541	-199.8848	204.1957
-112.9218	-200.2559	205.1990
-111.9793	-200.5958	206.2010
-111.0283	-200.9091	207.2023
-110.0692	-201.1986	208.2041
-109.1011	-201.4615	209.2073
-108.1235	-201.6924	210.2118
-107.1381	-201.8927	211.2173
-106.1480	-202.0711	212.2233
-105.1542	-202.2309	213.2299
-104.1576	-202.3742	214.2368
-103.1585	-202.5020	215.2440
-102.1574	-202.6134	216.2513
-101.1543	-202.7076	217.2588
-100.1496	-202.7841	218.2664
-99.1436	-202.8426	219.2741
-98.1365	-202.8833	220.2820
-97.1286	-202.9065	221.2902
-96.1203	-202.9127	222.2985
-95.1202	-202.9025	223.2986
-94.1203	-202.8766	224.2989
-93.1207	-202.8355	225.2994
-92.1217	-202.7795	226.2999
-91.1237	-202.7088	227.3004
-90.1268	-202.6231	228.3010
-89.1314	-202.5214	229.3016
-88.1379	-202.4019	230.3022
-87.1472	-202.2613	231.3029
-86.1602	-202.0968	232.3035
-85.1764	-201.9149	233.3040
-84.1941	-201.7257	234.3043
-83.2116	-201.5375	235.3047
-82.2279	-201.3567	236.3049
-81.2342	-201.1856	237.3132
-80.2389	-201.0266	238.3210
-79.2424	-200.8787	239.3285
-78.2449	-200.7397	240.3356
-77.2468	-200.6064	241.3426
-76.2487	-200.4759	242.3492
-75.2510	-200.3454	243.3554
-74.2542	-200.2130	244.3609
-73.2584	-200.0769	245.3660
-72.2633	-199.9367	246.3709
-71.2690	-199.7924	247.3756
-70.2753	-199.6445	248.3803
-69.2817	-199.4942	249.3852
-68.2880	-199.3427	250.3904
-67.2935	-199.1908	251.3964
-66.2977	-199.0396	252.4036
-65.3011	-198.8894	253.4115
-64.3040	-198.7405	254.4197
-63.3071	-198.5932	255.4273
-62.3104	-198.4472	256.4347
-61.3135	-198.3022	257.4421
-60.3164	-198.1579	258.4496
-59.3194	-198.0138	259.4570
-58.3222	-197.8696	260.4645
-57.3251	-197.7250	261.4720
-56.3280	-197.5799	262.4796
-55.3308	-197.4342	263.4874
-54.3336	-197.2881	264.4952
-53.3362	-197.1417	265.5033
-52.3390	-196.9952	266.5113
-51.3415	-196.8489	267.5194
-50.3441	-196.7027	268.5275
-49.3466	-196.5567	269.5356
-48.3491	-196.4110	270.5437
-47.3516	-196.2652	271.5518
-46.3542	-196.1197	272.5598
-45.3566	-195.9743	273.5679
-44.3594	-195.8290	274.5757
-43.3619	-195.6838	275.5836
-42.3647	-195.5387	276.5913
-41.3675	-195.3938	277.5990
-40.3705	-195.2491	278.6065
-39.3733	-195.1044	279.6141
-38.3761	-194.9602	280.6217
-37.3787	-194.8160	281.6294
-36.3812	-194.6720	282.6373
-35.3833	-194.5283	283.6455
-34.3935	-194.3857	284.6455
-33.3954	-194.2425	285.6538
-32.3977	-194.0994	286.6618
-31.4003	-193.9565	287.6693
-30.4033	-193.8142	288.6764
-29.4066	-193.6722	289.6832
-28.4097	-193.5293	290.6903
-27.4128	-193.3858	291.6975
-26.4150	-193.2419	292.7055
-25.4249	-193.1000	293.7058
-24.4342	-192.9610	294.7062
-23.4427	-192.8269	295.7067
-22.4504	-192.6991	296.7072
-21.4497	-192.5764	297.7155
-20.4485	-192.4577	298.7236
-19.4475	-192.3391	299.7316
-18.4470	-192.2175	300.7395
-17.4473	-192.0895	301.7474
-16.4490	-191.9508	302.7552
-15.4530	-191.7965	303.7631
-14.4607	-191.6211	304.7708
-13.4736	-191.4180	305.7785
-12.4942	-191.1817	306.7861
-11.5238	-190.9106	307.7937
-10.5625	-190.6077	308.8015
-9.6092	-190.2798	309.8097
-8.6691	-189.9383	310.8099
-7.7325	-189.5866	311.8103
-6.7984	-189.2283	312.8108
-5.8664	-188.8650	313.8111
-4.9370	-188.4957	314.8111
-4.0035	-188.1150	315.8193
-3.0753	-187.7219	316.8274
-2.1544	-187.3118	317.8354
-1.2435	-186.8804	318.8433
-0.3466	-186.4201	319.8514
0.5299	-185.9220	320.8596
1.3728	-185.3839	321.8596
2.1841	-184.7984	322.8601
2.9599	-184.1654	323.8614
3.7010	-183.4905	324.8638
4.4279	-182.7998	325.8665
5.1593	-182.1135	326.8694
5.8851	-181.4212	327.8724
6.5951	-180.7139	328.8747
7.2847	-179.9877	329.8761
7.9614	-179.2505	330.8768
8.6267	-178.5029	331.8775
9.2793	-177.7440	332.8784
9.9155	-176.9711	333.8795
10.5285	-176.1796	334.8806
11.1117	-175.3661	335.8816
11.6589	-174.5276	336.8828
12.1657	-173.6638	337.8843
12.6292	-172.7749	338.8868
13.0481	-171.8632	339.8902
13.4223	-170.9313	340.8944
13.7531	-169.9826	341.8991
14.0467	-169.0215	342.9040
14.3080	-168.0512	343.9089
14.5405	-167.0736	344.9138
14.7470	-166.0905	345.9183
14.9301	-165.1033	346.9224
15.0933	-164.1133	347.9257
15.2380	-163.1213	348.9282
15.3701	-162.1284	349.9299
15.4945	-161.1350	350.9310
15.6112	-160.1410	351.9319
15.7191	-159.1461	352.9326
15.8162	-158.1503	353.9332
15.8999	-157.1532	354.9337
15.9682	-156.1546	355.9347
16.0204	-155.1550	356.9356
16.0560	-154.1545	357.9367
16.0763	-153.1543	358.9372
16.0824	-152.1539	359.9376
16.0766	-151.1457	360.9458
16.0617	-150.1376	361.9540
16.0408	-149.1296	362.9622
16.0167	-148.1218	363.9703
15.9922	-147.1140	364.9784
15.9699	-146.1061	365.9865
15.9517	-145.0984	366.9944
15.9392	-144.0906	368.0023
15.9329	-143.0826	369.0103
15.9329	-142.0743	370.0186
15.9381	-141.0661	371.0268
15.9468	-140.0579	372.0350
15.9572	-139.0498	373.0432
15.9677	-138.0416	374.0515
15.9770	-137.0416	375.0516
15.9843	-136.0332	376.0599
15.9890	-135.0250	377.0682
15.9908	-134.0167	378.0764
15.9902	-133.0084	379.0847
15.9877	-132.0002	380.0929
15.9840	-130.9920	381.1012
15.9795	-129.9838	382.1093
15.9747	-128.9757	383.1175
15.9708	-127.9675	384.1257
15.9683	-126.9594	385.1338
15.9674	-125.9514	386.1418
15.9677	-124.9433	387.1499
15.9690	-123.9352	388.1580
15.9709	-122.9271	389.1661
15.9728	-121.9190	390.1742
15.9746	-120.9110	391.1822
15.9757	-119.9029	392.1903
15.9764	-118.8948	393.1984
15.9765	-117.8867	394.2065
15.9764	-116.8786	395.2146
15.9760	-115.8705	396.2227
15.9755	-114.8625	397.2307
15.9751	-113.8545	398.2387
15.9747	-112.8464	399.2468
15.9745	-111.8384	400.2548
15.9744	-110.8304	401.2628
15.9745	-109.8224	402.2708
15.9747	-108.8144	403.2788
15.9747	-107.8065	404.2867
15.9744	-106.7985	405.2947
15.9738	-105.7905	406.3027
15.9728	-104.7824	407.3108
15.9715	-103.7744	408.3188
15.9702	-102.7663	409.3269
15.9690	-101.7582	410.3350
15.9681	-100.7502	411.3430
15.9677	-99.7422	412.3510
15.9683	-98.7342	413.3590
15.9699	-97.7263	414.3669
15.9728	-96.7183	415.3749
15.9771	-95.7103	416.3829
15.9827	-94.7024	417.3909
15.9894	-93.6944	418.3988
15.9970	-92.6865	419.4068
16.0051	-91.6785	420.4148
16.0135	-90.6705	421.4228
16.0216	-89.6625	422.4309
16.0293	-88.6545	423.4389
16.0363	-87.6465	424.4469
16.0425	-86.6385	425.4550
16.0479	-85.6305	426.4630
16.0526	-84.6224	427.4711
16.0567	-83.6144	428.4791
16.0604	-82.6063	429.4872
16.0640	-81.5983	430.4952
16.0677	-80.5903	431.5032
16.0717	-79.5823	432.5112
16.0760	-78.5742	433.5193
16.0808	-77.5662	434.5273
16.0859	-76.5582	435.5353
16.0913	-75.5503	436.5433
16.0970	-74.5423	437.5513
16.1028	-73.5344	438.5592
16.1085	-72.5264	439.5672
16.1143	-71.5184	440.5752
16.1198	-70.5104	441.5832
16.1252	-69.5025	442.5912
16.1304	-68.4945	443.5992
16.1355	-67.4865	444.6072
16.1404	-66.4785	445.6152
16.1454	-65.4705	446.6232
16.1503	-64.4624	447.6313
16.1552	-63.4544	448.6393
16.1598	-62.4463	449.6474
16.1644	-61.4383	450.6555
16.1692	-60.4302	451.6635
16.1743	-59.4221	452.6716
16.1800	-58.4141	453.6797
16.1860	-57.4061	454.6878
16.1924	-56.3981	455.6957
16.1990	-55.3902	456.7037
16.2056	-54.3822	457.7117
16.2121	-53.3743	458.7196
16.2190	-52.3663	459.7276
16.2252	-51.3584	460.7355
16.2302	-50.3505	461.7435
16.2334	-49.3425	462.7515
16.2346	-48.3345	463.7594
16.2338	-47.3265	464.7675
16.2315	-46.3184	465.7755
16.2287	-45.3103	466.7836
16.2265	-44.3023	467.7917
16.2260	-43.2942	468.7998
16.2286	-42.2862	469.8078
16.2362	-41.2782	470.8158
16.2502	-40.2703	471.8238
16.2716	-39.2626	472.8317
16.3012	-38.2551	473.8396
16.3385	-37.2479	474.8476
16.3825	-36.2409	475.8555
16.4315	-35.2341	476.8635
16.4836	-34.2275	477.8714
16.5368	-33.2209	478.8794
16.5890	-32.2143	479.8874
16.6384	-31.2076	480.8954
16.6841	-30.2006	481.9033
16.7252	-29.1935	482.9113
16.7620	-28.1862	483.9193
16.7951	-27.1787	484.9273
16.8256	-26.1711	485.9354
16.8546	-25.1634	486.9435
16.8830	-24.1557	487.9516
16.9125	-23.1481	488.9596
16.9443	-22.1405	489.9677
16.9790	-21.1331	490.9758
17.0167	-20.1257	491.9838
17.0574	-19.1186	492.9918
17.1007	-18.1116	493.9997
17.1460	-17.1047	495.0076
17.1926	-16.0978	496.0156
17.2400	-15.0910	497.0235
17.2878	-14.0842	498.0315
17.3359	-13.0774	499.0394
17.3842	-12.0706	500.0474
17.4330	-11.0638	501.0553
17.4825	-10.0570	502.0633
17.5331	-9.0504	503.0712
17.5851	-8.0438	504.0792
17.6390	-7.0374	505.0870
17.6945	-6.0310	506.0949
17.7521	-5.0247	507.1029
17.8128	-4.0184	508.1110
17.8762	-3.0123	509.1191
17.9423	-2.0065	510.1271
18.0119	-1.0010	511.1350
18.0848	0.0043	512.1429
18.1615	1.0093	513.1508
18.2439	2.0137	514.1586
18.3326	3.0177	515.1665
18.4272	4.0211	516.1744
18.5286	5.0239	517.1823
18.6391	6.0258	518.1902
18.7619	7.0261	519.1981
18.9001	8.0245	520.2059
19.0588	9.0195	521.2136
19.2443	10.0102	522.2214
19.4609	10.9946	523.2294
19.7116	11.9711	524.2375
19.9918	12.9310	525.2376
20.2982	13.8833	526.2379
20.6232	14.8296	527.2385
20.9571	15.7728	528.2391
21.2904	16.7161	529.2395
21.6149	17.6621	530.2396
21.9280	18.6203	531.2477
22.2253	19.5833	532.2555
22.5081	20.5505	533.2632
22.7789	21.5213	534.2710
23.0424	22.4943	535.2791
23.3053	23.4677	536.2874
23.5695	24.4322	537.2874
23.8401	25.3950	538.2875
24.1193	26.3552	539.2875
24.4099	27.3208	540.2958
24.7065	28.2758	541.2958
25.0103	29.2287	542.2960
25.3187	30.1801	543.2962
25.6328	31.1382	544.3044
25.9483	32.0954	545.3123
26.2636	33.0524	546.3199
26.5781	34.0097	547.3275
26.8916	34.9673	548.3351
27.2044	35.9251	549.3427
27.5171	36.8828	550.3502
27.8305	37.8402	551.3576
28.1453	38.7971	552.3649
28.4624	39.7532	553.3722
28.7823	40.7084	554.3796
29.1055	41.6625	555.3869
29.4324	42.6154	556.3943
29.7631	43.5670	557.4018
30.0976	44.5173	558.4093
30.4360	45.4663	559.4168
30.7785	46.4140	560.4244
31.1250	47.3601	561.4320
31.4760	48.3047	562.4397
31.8317	49.2475	563.4474
32.1929	50.1884	564.4552
32.5609	51.1266	565.4630
32.9370	52.0617	566.4709
33.3231	52.9927	567.4788
33.7207	53.9189	568.4867
34.1315	54.8393	569.4947
34.5558	55.7535	570.5026
34.9917	56.6623	571.5105
35.4357	57.5671	572.5183
35.8844	58.4696	573.5262
36.3347	59.3712	574.5340
36.7847	60.2729	575.5417
37.2333	61.1753	576.5495
37.6800	62.0785	577.5572
38.1252	62.9826	578.5649
38.5694	63.8872	579.5727
39.0133	64.7920	580.5805
39.4580	65.6966	581.5885
39.9041	66.6006	582.5966
40.3523	67.5037	583.6047
40.8029	68.4056	584.6130
41.2561	69.3064	585.6213
41.7079	70.1985	586.6214
42.1618	71.0897	587.6215
42.6173	71.9801	588.6216
43.0740	72.8698	589.6217
43.5316	73.7591	590.6218
43.9897	74.6481	591.6220
44.4480	75.5370	592.6220
44.9064	76.4258	593.6221
45.3649	77.3145	594.6221
45.8235	78.2032	595.6221
46.2823	79.0917	596.6221
46.7414	79.9802	597.6221
47.2008	80.8684	598.6221
47.6608	81.7563	599.6222
48.1213	82.6440	600.6222
48.5824	83.5315	601.6223
49.0441	84.4187	602.6224
49.5063	85.3056	603.6226
49.9691	86.1923	604.6228
50.4322	87.0788	605.6229
50.8956	87.9652	606.6231
51.3593	88.8514	607.6233
51.8232	89.7374	608.6235
52.2872	90.6234	609.6237
52.7514	91.5094	610.6238
53.2156	92.3952	611.6239
53.6799	93.2810	612.6240
54.1442	94.1667	613.6240
54.6087	95.0523	614.6240
55.0770	95.9453	615.6324
55.5455	96.8382	616.6407
56.0134	97.7313	617.6490
56.4814	98.6244	618.6572
56.9529	99.5155	619.6655
57.4268	100.4054	620.6736
57.8871	101.3023	621.6818
58.3158	102.2149	622.6901
58.7079	103.1351	623.6903
59.0813	104.0632	624.6907
59.4576	104.9903	625.6912
59.8500	105.9107	626.6918
60.2646	106.8212	627.6922
60.7065	107.7275	628.7006
61.1703	108.6224	629.7085
61.6520	109.5078	630.7165
62.1468	110.3862	631.7247
62.6456	111.2530	632.7247
63.1473	112.1183	633.7249
63.6472	112.9844	634.7249
64.1464	113.8604	635.7332
64.6386	114.7401	636.7413
65.1230	115.6240	637.7492
65.6000	116.5117	638.7569
66.0704	117.4030	639.7647
66.5358	118.2974	640.7729
66.9938	119.1867	641.7732
67.4494	120.0775	642.7739
67.9036	120.9692	643.7745
68.3563	121.8613	644.7750
68.8074	122.7541	645.7752
69.2559	123.6480	646.7753
69.7010	124.5434	647.7753
70.1451	125.4487	648.7836
70.5834	126.3566	649.7918
71.0149	127.2676	650.7998
71.4384	128.1823	651.8077
71.8532	129.1010	652.8157
72.2586	130.0239	653.8237
72.6540	130.9511	654.8317
73.0387	131.8828	655.8398
73.4122	132.8191	656.8479
73.7741	133.7601	657.8560
74.1238	134.7057	658.8641
74.4606	135.6560	659.8724
74.7837	136.6111	660.8806
75.0898	137.5631	661.8807
75.3805	138.5200	662.8807
75.6549	139.4817	663.8809
75.9116	140.4485	664.8811
76.1493	141.4202	665.8814
76.3665	142.3968	666.8819
76.5617	143.3782	667.8825
76.7335	144.3640	668.8833
76.8812	145.3540	669.8842
77.0038	146.3475	670.8853
77.1001	147.3441	671.8865
77.1676	148.3432	672.8879
77.2026	149.3442	673.8895
77.2020	150.3460	674.8913
77.1616	151.3473	675.8933
77.0775	152.3462	676.8958
76.9479	153.3406	677.8987
76.7714	154.3284	678.9021
76.5471	155.3071	679.9061
76.2767	156.2745	680.9106
75.9631	157.2291	681.9154
75.6145	158.1716	682.9204
75.2339	159.1019	683.9254
74.8228	160.0185	684.9301
74.3818	160.9208	685.9343
73.9117	161.8077	686.9382
73.4135	162.6792	687.9419
72.8920	163.5361	688.9451
72.3501	164.3802	689.9481
71.7899	165.2118	690.9508
71.2125	166.0314	691.9534
70.6186	166.8384	692.9554
70.0066	167.6315	693.9571
69.3766	168.4100	694.9586
68.7289	169.1736	695.9599
68.0627	169.9211	696.9612
67.3785	170.6524	697.9627
66.6771	171.3677	698.9645
65.9584	172.0658	699.9664
65.2238	172.7474	700.9686
64.4745	173.4132	701.9709
63.7101	174.0625	702.9738
62.9320	174.6956	703.9770
62.1413	175.3131	704.9802
61.3381	175.9143	705.9835
60.5228	176.4995	706.9871
59.6964	177.0688	707.9906
58.8584	177.6209	708.9941
58.0096	178.1559	709.9975
57.1501	178.6740	711.0011
56.2801	179.1741	712.0045
55.3997	179.6555	713.0079
54.5097	180.1185	714.0112
53.6100	180.5626	715.0145
52.7005	180.9869	716.0182
51.7823	181.3916	717.0216
50.8557	181.7762	718.0248
49.9211	182.1400	719.0277
48.9787	182.4830	720.0306
48.0290	182.8045	721.0332
47.0724	183.1040	722.0356
46.1092	183.3811	723.0379
45.1399	183.6357	724.0400
44.1651	183.8679	725.0421
43.1850	184.0765	726.0441
42.1998	184.2594	727.0462
41.2097	184.4137	728.0483
40.2153	184.5379	729.0504
39.2178	184.6339	730.0525
38.2183	184.7062	731.0546
37.2177	184.7620	732.0567
36.2167	184.8089	733.0588
35.2157	184.8548	734.0609
34.2152	184.9058	735.0627
33.2154	184.9669	736.0644
32.2167	185.0418	737.0659
31.2196	185.1322	738.0671
30.2240	185.2372	739.0682
29.2301	185.3543	740.0690
28.2376	185.4800	741.0694
27.2459	185.6099	742.0695
26.2462	185.7413	743.0778
25.2463	185.8699	744.0860
24.2460	185.9940	745.0940
23.2452	186.1131	746.1019
22.2516	186.2269	747.1019
21.2567	186.3384	748.1031
20.2610	186.4497	749.1050
19.2671	186.5625	750.1053
18.2686	186.6797	751.1106
17.2737	186.8014	752.1129
16.2806	186.9282	753.1141
15.2878	187.0607	754.1157
14.2948	187.1985	755.1182
13.3017	187.3398	756.1213
12.3082	187.4811	757.1248
11.3139	187.6185	758.1286
10.3184	187.7486	759.1325
9.3214	187.8691	760.1368
8.3224	187.9781	761.1417
7.3213	188.0747	762.1474
6.3180	188.1583	763.1542
5.3126	188.2285	764.1620
4.3140	188.2847	765.1623
3.3142	188.3274	766.1630
2.3137	188.3562	767.1639
1.3128	188.3703	768.1649
0.3118	188.3683	769.1659
-0.6889	188.3482	770.1668
-1.6889	188.3080	771.1676
-2.6877	188.2439	772.1684
-3.6842	188.1504	773.1693
-4.6769	188.0214	774.1704
-5.6637	187.8504	775.1719
-6.6413	187.6304	776.1740
-7.6056	187.3546	777.1769
-8.5509	187.0165	778.1808
-9.4722	186.6144	779.1861
-10.3712	186.1619	780.1925
-11.2601	185.6895	781.1992
-12.1377	185.1957	782.2061
-13.0003	184.6773	783.2125
-13.8440	184.1309	784.2177
-14.6669	183.5554	785.2219
-15.4697	182.9533	786.2254
-16.2532	182.3265	787.2287
-17.0165	181.6752	788.2322
-17.7578	180.9987	789.2357
-18.4746	180.2964	790.2393
-19.1681	179.5711	791.2428
-19.8391	178.8250	792.2462
-20.4853	178.0573	793.2496
-21.1032	177.2666	794.2532
-21.6882	176.4509	795.2569
-22.2349	175.6088	796.2609
-22.7382	174.7396	797.2653
-23.1939	173.8439	798.2703
-23.5976	172.9228	799.2759
-23.9452	171.9784	800.2823
-24.2404	171.0156	801.2893
-24.4954	170.0412	802.2966
-24.7152	169.0582	803.3038
-24.9069	168.0700	804.3105
-25.0751	167.0784	805.3162
-25.2189	166.0840	806.3210
-25.3377	165.0871	807.3249
-25.4327	164.0883	808.3282
-25.5068	163.0879	809.3314
-25.5618	162.0863	810.3344
-25.5992	161.0840	811.3375
-25.6240	160.0816	812.3402
-25.6465	159.0795	813.3425
-25.6687	158.0775	814.3448
-25.6896	157.0751	815.3474
-25.7067	156.0725	816.3502
-25.7160	155.0699	817.3528
-25.7139	154.0674	818.3553
-25.6979	153.0651	819.3577
-25.6651	152.0630	820.3604
-25.6134	151.0614	821.3633
-25.5493	150.0602	822.3665
-25.4870	149.0589	823.3698
-25.4379	148.0567	824.3732
-25.4069	147.0535	825.3769
-25.3945	146.0497	826.3807
-25.3981	145.0456	827.3848
-25.4131	144.0415	828.3890
-25.4347	143.0372	829.3936
-25.4581	142.0329	830.3982
-25.4799	141.0284	831.4029
-25.4976	140.0239	832.4075
-25.5095	139.0194	833.4121
-25.5153	138.0149	834.4166
-25.5154	137.0101	835.4214
-25.5111	136.0046	836.4269
-25.5038	134.9981	837.4335
-25.4952	133.9903	838.4413
-25.4869	132.9898	839.4418
-25.4800	131.9882	840.4435
-25.4753	130.9857	841.4459
-25.4729	129.9828	842.4489
-25.4729	128.9795	843.4522
-25.4750	127.9761	844.4556
-25.4785	126.9726	845.4591
-25.4826	125.9691	846.4626
-25.4868	124.9655	847.4662
-25.4907	123.9620	848.4698
-25.4949	122.9584	849.4733
-25.5017	121.9549	850.4769
-25.5147	120.9515	851.4803
-25.5389	119.9487	852.4835
-25.5881	118.9470	853.4863
-25.6810	117.9489	854.4887
-25.8311	116.9583	855.4906
-26.0454	115.9804	856.4917
-26.3258	115.0205	857.4918
-26.6726	114.0749	858.4989
-27.0648	113.1489	859.5046
-27.4822	112.2353	860.5090
-27.9276	111.3349	861.5135
-28.4000	110.4483	862.5182
-28.9013	109.5790	863.5217
-29.4334	108.7292	864.5242
-29.9931	107.8965	865.5276
-30.5770	107.0805	866.5309
-31.1854	106.2804	867.5362
-31.8149	105.4960	868.5419
-32.4682	104.7283	869.5500
-33.1422	103.9791	870.5577
-33.8358	103.2473	871.5660
-34.5367	102.5324	872.5671
-35.2463	101.8251	873.5691
-35.9619	101.1238	874.5710
-36.6823	100.4286	875.5722
-37.4097	99.7414	876.5728
-38.1467	99.0646	877.5735
-38.8964	98.4020	878.5740
-39.6668	97.7523	879.5818
-40.4522	97.1236	880.5878
-41.2523	96.5183	881.5911
-42.0700	95.9333	882.5965
-42.9044	95.3674	883.6047
-43.7467	94.8242	884.6069
-44.6013	94.3029	885.6080
-45.4675	93.8022	886.6085
-46.3440	93.3202	887.6088
-47.2314	92.8571	888.6097
-48.1275	92.4112	889.6107
-49.0308	91.9793	890.6120
-49.9410	91.5611	891.6135
-50.8573	91.1557	892.6155
-51.7799	90.7634	893.6181
-52.7120	90.3918	894.6215
-53.6571	90.0519	895.6259
-54.6135	89.7415	896.6314
-55.5737	89.4407	897.6377
-56.5286	89.1208	898.6447
-57.4615	88.7603	899.6449
-58.3726	88.3440	900.6465
-59.2513	87.8607	901.6494
-60.0885	87.3064	902.6535
-60.8777	86.6840	903.6585
-61.6218	86.0072	904.6644
-62.3506	85.3144	905.6699
-63.0753	84.6148	906.6772
-63.7964	83.9196	907.6789
-64.5091	83.2116	908.6835
-65.1999	82.4784	909.6909
-65.8570	81.7232	910.6919
-66.4943	80.9493	911.6944
-67.1258	80.1695	912.6979
-67.7632	79.3930	913.7024
-68.4127	78.6256	914.7078
-69.0686	77.8628	915.7138
-69.7336	77.1077	916.7200
-70.4091	76.3617	917.7264
-71.0983	75.6286	918.7326
-71.8125	74.9207	919.7382
-72.5615	74.2516	920.7426
-73.3505	73.6329	921.7452
-74.1802	73.0741	922.7456
-75.0533	72.5741	923.7516
-75.9473	72.1196	924.7546
-76.8512	71.6731	925.7627
-77.7607	71.2390	926.7705
-78.6727	70.8283	927.7707
-79.6022	70.4571	928.7716
-80.5541	70.1280	929.7788
-81.5140	69.8344	930.7826
-82.4764	69.5584	931.7838
-83.4394	69.2857	932.7846
-84.4060	69.0235	933.7861
-85.3759	68.7765	934.7870
-86.3529	68.5306	935.7945
-87.3269	68.2795	936.8004
-88.2965	68.0125	937.8060
-89.2572	67.7142	938.8120
-90.2045	67.3748	939.8182
-91.1351	66.9899	940.8253
-92.0415	66.5674	941.8253
-92.9330	66.1102	942.8272
-93.8099	65.6210	943.8314
-94.6714	65.1004	944.8379
-95.5076	64.5516	945.8382
-96.3238	63.9705	946.8401
-97.1145	63.3530	947.8434
-97.8708	62.6928	948.8473
-98.5864	61.9884	949.8514
-99.2692	61.2519	950.8557
-99.9673	60.5292	951.8605
-100.6887	59.8299	952.8652
-101.4326	59.1572	953.8682
-102.1899	58.4942	954.8746
-102.9526	57.8415	955.8786
-103.7430	57.2189	956.8847
-104.5663	56.6438	957.8890
-105.4139	56.1112	958.8900
-106.2828	55.6002	959.8980
-107.1449	55.0813	960.9043
-107.9931	54.5491	961.9056
-108.8389	54.0092	962.9090
-109.6727	53.4492	963.9134
-110.4877	52.8598	964.9192
-111.2783	52.2353	965.9267
-112.0363	51.5811	966.9280
-112.7745	50.9020	967.9310
-113.4981	50.2050	968.9357
-114.2074	49.4916	969.9417
-114.9020	48.7624	970.9487
-115.5814	48.0182	971.9564
-116.2451	47.2592	972.9647
-116.8865	46.4916	973.9650
-117.5094	45.7086	974.9656
-118.1114	44.9093	975.9661
-118.6892	44.0923	976.9668
-119.2390	43.2562	977.9676
-119.7567	42.3998	978.9683
-120.2381	41.5223	979.9691
-120.6780	40.6231	980.9702
-121.0713	39.7018	981.9720
-121.4132	38.7591	982.9747
-121.6971	37.7963	983.9785
-121.9176	36.8157	984.9835
-122.0956	35.8261	985.9891
-122.2720	34.8365	986.9942
-122.4452	33.8460	987.9998
-122.6001	32.8518	989.0060
-122.7244	31.8530	990.0125
-122.8294	30.8523	991.0186
-122.9329	29.8524	992.0239
-123.0358	28.8527	993.0288
-123.1414	27.8537	994.0334
-123.2584	26.8564	995.0376
-123.3815	25.8603	996.0413
-123.5034	24.8644	997.0447
-123.6162	23.8676	998.0477
-123.7119	22.8693	999.0506
-123.7855	21.8692	1000.0534
-123.8355	20.8676	1001.0563
-123.8633	19.8652	1002.0591
-123.8721	18.8629	1003.0614
-123.8643	17.8606	1004.0637
-123.8432	16.8582	1005.0663
-123.8130	15.8549	1006.0701
-123.7787	14.8508	1007.0748
-123.7450	13.8455	1008.0807
-123.7156	12.8390	1009.0876
-123.6929	11.8314	1010.0954
-123.6776	10.8232	1011.1037
-123.6689	9.8231	1012.1039
-123.6649	8.8230	1013.1040
-123.6633	7.8149	1014.1121
-123.6622	6.8072	1015.1198
-123.6597	5.8002	1016.1268
-123.6548	4.7940	1017.1331
-123.6467	3.7886	1018.1385
-123.6355	2.7841	1019.1430
-123.6215	1.7807	1020.1466
-123.6054	0.7782	1021.1492
-123.5880	-0.2234	1022.1510
-123.5702	-1.2243	1023.1520
-123.5526	-2.2246	1024.1524
-123.5358	-3.2325	1025.1604
