8.4040	-128.8831	0.0000
8.4147	-127.8811	1.0021
8.4088	-126.8753	2.0079
8.4048	-125.8741	3.0091
8.3998	-124.8508	4.0324
8.3991	-123.8452	5.0381
8.4013	-122.7869	6.0963
8.4056	-121.7746	7.1086
8.4114	-120.7709	8.1124
8.4242	-119.7102	9.1731
8.4358	-118.5991	10.2843
8.4452	-117.5696	11.3138
8.4630	-116.5046	12.3789
8.4775	-115.4521	13.4315
8.4925	-114.3708	14.5129
8.5089	-113.3613	15.5226
8.5258	-112.3340	16.5500
8.5447	-111.2930	17.5912
8.5652	-110.2891	18.5954
8.5840	-109.2255	19.6591
8.6063	-108.2037	20.6811
8.6318	-107.1713	21.7138
8.6522	-106.1258	22.7595
8.6774	-105.0686	23.8171
8.6943	-104.0576	24.8282
8.7091	-103.0322	25.8537
8.7321	-101.9373	26.9489
8.7532	-100.8249	28.0614
8.7731	-99.7638	29.1227
8.7993	-98.7043	30.1826
8.8220	-97.6527	31.2344
8.8444	-96.6117	32.2757
8.8698	-95.5289	33.3587
8.8883	-94.5153	34.3725
8.9072	-93.4125	35.4755
8.9199	-92.3811	36.5070
8.9219	-91.3172	37.5708
8.9166	-90.2695	38.6185
8.8975	-89.1990	39.6892
8.8674	-88.1988	40.6898
8.8242	-87.1693	41.7203
8.7695	-86.1558	42.7352
8.7026	-85.0951	43.7981
8.6276	-84.0662	44.8297
8.5449	-83.0656	45.8337
8.4558	-82.0449	46.8583
8.3590	-81.0072	47.9006
8.2596	-79.9982	48.9144
8.1451	-78.9155	50.0031
8.0291	-77.8641	51.0609
7.9132	-76.8465	52.0851
7.7889	-75.8084	53.1306
7.6658	-74.8109	54.1356
7.5372	-73.8016	55.1531
7.4075	-72.7798	56.1831
7.2718	-71.7493	57.2225
7.1356	-70.7116	58.2692
6.9859	-69.5513	59.4390
6.8483	-68.5021	60.4972
6.7217	-67.5078	61.4995
6.5858	-66.3938	62.6218
6.4653	-65.3952	63.6277
6.3538	-64.3945	64.6345
6.2466	-63.3939	65.6408
6.1444	-62.3941	66.6458
6.0466	-61.3356	67.7089
5.9593	-60.3375	68.7108
5.8724	-59.2854	69.7665
5.7901	-58.1807	70.8742
5.7195	-57.1373	71.9200
5.6553	-56.0932	72.9661
5.5988	-55.0441	74.0167
5.5494	-53.9884	75.0736
5.5083	-52.9839	76.0789
5.4734	-51.9715	77.0919
5.4448	-50.9518	78.1120
5.4230	-49.9242	79.1399
5.4073	-48.8903	80.1739
5.3960	-47.7907	81.2736
5.3898	-46.7479	82.3164
5.3890	-45.6999	83.3643
5.3925	-44.6461	84.4182
5.4008	-43.5842	85.4801
5.4137	-42.5133	86.5511
5.4317	-41.4989	87.5656
5.4551	-40.4772	88.5875
5.4863	-39.4513	89.6140
5.5262	-38.4227	90.6434
5.5749	-37.3922	91.6750
5.6384	-36.2979	92.7712
5.7103	-35.2677	93.8038
5.7949	-34.2390	94.8360
5.9041	-33.0838	95.9963
6.0207	-31.9949	97.0915
6.1426	-30.9730	98.1206
6.2757	-29.9546	99.1477
6.4194	-28.9390	100.1734
6.5872	-27.8647	101.2607
6.7578	-26.8575	102.2823
6.9398	-25.8534	103.3028
7.1360	-24.8538	104.3214
7.3413	-23.8591	105.3370
7.6038	-22.6855	106.5396
7.8389	-21.7036	107.5493
8.0835	-20.7266	108.5565
8.3352	-19.7566	109.5586
8.6344	-18.6788	110.6771
8.9428	-17.6110	111.7886
9.2441	-16.6133	112.8308
9.5535	-15.6304	113.8613
9.8849	-14.6017	114.9421
10.1970	-13.6398	115.9533
10.5022	-12.6874	116.9533
10.8142	-11.6898	117.9987
11.1155	-10.7009	119.0324
11.3995	-9.7185	120.0550
11.6632	-8.7389	121.0695
11.9070	-7.7598	122.0785
12.1400	-6.7260	123.1382
12.3409	-5.7450	124.1396
12.5294	-4.7075	125.1940
12.6957	-3.6666	126.2482
12.8528	-2.5139	127.4116
12.9729	-1.4691	128.4633
13.0798	-0.3664	129.5711
13.1592	0.6854	130.6259
13.2183	1.6887	131.6310
13.2657	2.6978	132.6411
13.2981	3.7128	133.6567
13.3192	4.7340	134.6781
13.3325	5.7610	135.7051
13.3405	6.7952	136.7394
13.3425	7.8361	137.7803
13.3394	8.9407	138.8850
13.3313	10.0528	139.9971
13.3226	11.1132	141.0575
13.3098	12.1230	142.0673
13.2927	13.1431	143.0876
13.2753	14.1735	144.1182
13.2608	15.2151	145.1599
13.2441	16.3301	146.2750
13.2269	17.3946	147.3397
13.2108	18.4709	148.4161
13.1943	19.4942	149.4394
13.1769	20.5921	150.5375
13.1580	21.7668	151.7123
13.1354	22.8874	152.8332
13.1075	23.9518	153.8979
13.0711	25.0254	154.9721
13.0298	26.0389	155.9865
12.9777	27.0588	157.0077
12.9145	28.0848	158.0357
12.8391	29.1151	159.0687
12.7424	30.2182	160.1760
12.6386	31.2548	161.2179
12.5221	32.2938	162.2633
12.3940	33.3349	163.3123
12.2424	34.4458	164.4335
12.0888	35.4874	165.4863
11.8981	36.7384	166.7518
11.7336	37.7813	167.8076
11.5701	38.8241	168.8632
11.4084	39.8677	169.9192
11.2393	40.9825	171.0467
11.0843	42.0283	172.1040
10.9335	43.0760	173.1624
10.7655	44.3341	174.4318
10.6335	45.3845	175.4904
10.5016	46.5091	176.6227
10.3931	47.5651	177.6843
10.2907	48.6241	178.7483
10.1935	49.6878	179.8164
10.1076	50.7553	180.8873
10.0391	51.7540	181.8884
9.9745	52.8262	182.9625
9.9215	53.8294	183.9671
9.8805	54.8351	184.9736
9.8467	55.9873	186.1263
9.8234	56.9976	187.1369
9.8038	58.0091	188.1486
9.7915	59.0213	189.1608
9.7870	60.0346	190.1741
9.7858	61.0497	191.1893
9.7870	62.0654	192.2049
9.7917	63.0801	193.2197
9.8006	64.0958	194.2354
9.8128	65.1111	195.2508
9.8284	66.1987	196.3385
9.8422	67.2131	197.3530
9.8576	68.2273	198.3673
9.8731	69.2405	199.3806
9.8895	70.2524	200.3927
9.9079	71.2628	201.4032
9.9274	72.2725	202.4131
9.9482	73.2816	203.4224
9.9698	74.2897	204.4308
9.9911	75.2960	205.4373
10.0134	76.3018	206.4433
10.0360	77.3073	207.4491
10.0556	78.3112	208.4532
10.0744	79.3151	209.4572
10.0928	80.3199	210.4622
10.1089	81.3264	211.4688
10.1230	82.3350	212.4776
10.1389	83.4918	213.6345
10.1523	84.5075	214.6503
10.1654	85.5992	215.7420
10.1793	86.6216	216.7645
10.1923	87.6473	217.7903
10.2043	88.6768	218.8199
10.2177	89.7111	219.8543
10.2303	90.7488	220.8920
10.2404	91.7891	221.9324
10.2498	92.9074	223.0508
10.2596	94.0285	224.1719
10.2666	95.0781	225.2215
10.2721	96.1292	226.2726
10.2760	97.2560	227.3994
10.2810	98.3068	228.4502
10.2867	99.3560	229.4994
10.2901	100.4004	230.5438
10.2969	101.4385	231.5820
10.3028	102.4699	232.6134
10.3059	103.4935	233.6370
10.3115	104.5081	234.6516
10.3186	105.5127	235.6563
10.3241	106.6507	236.7943
10.3297	107.7068	237.8503
10.3378	108.8210	238.9646
10.3424	109.8541	239.9977
10.3493	110.8768	241.0204
10.3614	111.8881	242.0318
10.3707	112.8887	243.0324
10.3793	113.9447	244.0885
10.3962	115.1190	245.2629
10.4138	116.2134	246.3575
10.4256	117.2320	247.3761
10.4437	118.2991	248.4434
10.4588	119.3517	249.4960
10.4691	120.3906	250.5350
10.4836	121.4149	251.5594
10.4973	122.4253	252.5699
