23.8354	165.3332	451.6035
23.3347	164.4248	450.5663
22.8029	163.5196	449.5164
22.2486	162.6179	448.4580
21.6992	161.7657	447.4440
21.1244	160.9123	446.4151
20.5384	160.0609	445.3815
19.9386	159.2013	444.3334
19.3549	158.3872	443.3316
18.7636	157.5661	442.3198
18.1675	156.7309	441.2936
17.5665	155.8800	440.2519
16.9653	155.0114	439.1955
16.4079	154.1776	438.1926
15.8572	153.3237	437.1765
15.3184	152.4552	436.1544
14.8003	151.5671	435.1263
14.3046	150.6480	434.0820
13.8360	149.7032	433.0274
13.3985	148.7263	431.9570
13.0236	147.7938	430.9519
12.6791	146.8396	429.9375
12.3674	145.8598	428.9092
12.0897	144.8594	427.8711
11.8500	143.8384	426.8223
11.6475	142.7962	425.7606
11.4891	141.7999	424.7518
11.3578	140.7679	423.7115
11.2511	139.7027	422.6409
11.1713	138.6903	421.6254
11.1044	137.6508	420.5838
11.0493	136.5836	419.5151
11.0078	135.5813	418.5120
10.9744	134.5563	417.4865
10.9511	133.5119	416.4418
10.9353	132.4439	415.3737
10.9240	131.3548	414.2845
10.9156	130.3472	413.2769
10.9078	129.3234	412.2530
10.9001	128.2818	411.2114
10.8933	127.2245	410.1541
10.8849	126.1505	409.0801
10.8786	125.0592	407.9887
10.8730	123.9518	406.8813
10.8673	122.9408	405.8703
10.8631	121.9159	404.8454
10.8595	120.8769	403.8064
10.8576	119.8243	402.7538
10.8550	118.7584	401.6879
10.8514	117.6784	400.6079
10.8487	116.5846	399.5140
10.8446	115.4776	398.4071
10.8413	114.3586	397.2881
10.8405	113.3534	396.2828
10.8401	112.3378	395.2672
10.8393	111.3104	394.2399
10.8390	110.2717	393.2012
10.8374	109.2217	392.1512
10.8342	108.1600	391.0895
10.8311	107.0878	390.0172
10.8280	106.0037	388.9331
10.8244	104.9063	387.8358
10.8201	103.7970	386.7265
10.8145	102.6756	385.6050
10.8066	101.5421	384.4715
10.7994	100.5418	383.4712
10.7926	99.5311	382.4605
10.7855	98.5106	381.4399
10.7785	97.4810	380.4103
10.7712	96.4406	379.3699
10.7620	95.3906	378.3198
10.7516	94.3321	377.2613
10.7403	93.2641	376.1932
10.7288	92.1870	375.1161
10.7168	91.1018	374.0308
10.7047	90.0074	372.9363
10.6929	88.9049	371.8337
10.6810	87.7947	370.7235
10.6684	86.6766	369.6053
10.6553	85.5515	368.4802
10.6421	84.4197	367.3483
10.6286	83.2799	366.2084
10.6152	82.1330	365.0614
10.6022	80.9793	363.9077
10.5902	79.8177	362.7460
10.5802	78.8172	361.7454
10.5707	77.8114	360.7396
10.5613	76.8002	359.7284
10.5521	75.7836	358.7117
10.5430	74.7616	357.6896
10.5340	73.7340	356.6620
10.5253	72.7009	355.6289
10.5171	71.6627	354.5907
10.5089	70.6205	353.5485
10.5000	69.5746	352.5025
10.4911	68.5245	351.4523
10.4812	67.4702	350.3980
10.4711	66.4116	349.3393
10.4606	65.3489	348.2766
10.4500	64.2821	347.2097
10.4397	63.2116	346.1392
10.4294	62.1378	345.0653
10.4198	61.0607	343.9882
10.4110	59.9806	342.9081
10.4025	58.8974	341.8248
10.3944	57.8113	340.7387
10.3862	56.7228	339.6501
10.3784	55.6319	338.5592
10.3715	54.5383	337.4656
10.3642	53.4422	336.3694
10.3570	52.3431	335.2703
10.3503	51.2409	334.1682
10.3439	50.1361	333.0633
10.3378	49.0285	331.9558
10.3322	47.9187	330.8459
10.3272	46.8065	329.7337
10.3230	45.6913	328.6185
10.3179	44.5735	327.5006
10.3118	43.4530	326.3802
10.3043	42.3300	325.2571
10.2950	41.2046	324.1317
10.2839	40.0767	323.0037
10.2714	38.9463	321.8733
10.2577	37.8132	320.7401
10.2437	36.6771	319.6039
10.2293	35.5381	318.4648
10.2148	34.3972	317.3238
10.2001	33.2539	316.1804
10.1852	32.1080	315.0345
10.1696	30.9595	313.8858
10.1534	29.8082	312.7344
10.1369	28.6544	311.5805
10.1205	27.4980	310.4240
10.1044	26.3392	309.2651
10.0885	25.1781	308.1039
10.0726	24.0143	306.9399
10.0574	22.8481	305.7736
10.0425	21.6793	304.6047
10.0284	20.5078	303.4331
10.0149	19.3337	302.2589
10.0022	18.1569	301.0822
9.9902	16.9783	299.9034
9.9782	15.7976	298.7227
9.9662	14.6147	297.5398
9.9538	13.4293	296.3542
9.9413	12.2419	295.1668
9.9292	11.0525	293.9774
9.9175	9.8614	292.7861
9.9068	8.6688	291.5935
9.8959	7.4740	290.3987
9.8845	6.2777	289.2023
9.8727	5.0795	288.0041
9.8623	4.0793	287.0038
9.8519	3.0793	286.0037
9.8418	2.0788	285.0032
9.8325	1.0770	284.0013
9.8238	0.0751	282.9994
9.8161	-0.9265	281.9978
9.8091	-1.9287	280.9956
9.8025	-2.9305	279.9938
9.7954	-3.9319	278.9923
9.7881	-4.9333	277.9909
9.7795	-5.9349	276.9892
9.7704	-6.9364	275.9878
9.7625	-7.9369	274.9872
9.7517	-9.1369	273.7871
9.7418	-10.3354	272.5886
9.7329	-11.5324	271.3916
9.7247	-12.7286	270.1953
9.7167	-13.9239	269.0000
9.7092	-15.1182	267.8057
9.7021	-16.3109	266.6130
9.6946	-17.5020	265.4218
9.6883	-18.6910	264.2328
9.6817	-19.8780	263.0458
9.6751	-21.0635	261.8603
9.6676	-22.2476	260.6762
9.6587	-23.4304	259.4934
9.6483	-24.6119	258.3117
9.6396	-25.7885	257.1352
9.6302	-26.9629	255.9608
9.6207	-28.1348	254.7888
9.6114	-29.3052	253.6183
9.6018	-30.4736	252.4499
9.5917	-31.6404	251.2830
9.5810	-32.8054	250.1180
9.5695	-33.9687	248.9547
9.5582	-35.1296	247.7937
9.5466	-36.2880	246.6352
9.5347	-37.4444	245.4788
9.5227	-38.5989	244.3242
9.5098	-39.7517	243.1714
9.4966	-40.9027	242.0203
9.4835	-42.0518	240.8711
9.4696	-43.1990	239.7238
9.4552	-44.3444	238.5783
9.4415	-45.4860	237.4366
9.4274	-46.6254	236.2971
9.4120	-47.7627	235.1598
9.3959	-48.8979	234.0244
9.3797	-50.0316	232.8907
9.3628	-51.1628	231.7593
9.3453	-52.2918	230.6302
9.3279	-53.4187	229.5031
9.3118	-54.5420	228.3797
9.2973	-55.6606	227.2611
9.2834	-56.7765	226.1451
9.2698	-57.8894	225.0321
9.2562	-58.9998	223.9215
9.2433	-60.1080	222.8132
9.2310	-61.2138	221.7074
9.2189	-62.3170	220.6041
9.2076	-63.4170	219.5041
9.1975	-64.5138	218.4072
9.1867	-65.6082	217.3128
9.1755	-66.7000	216.2210
9.1644	-67.7891	215.1318
9.1530	-68.8756	214.0452
9.1407	-69.9594	212.9613
9.1282	-71.0403	211.8804
9.1155	-72.1186	210.8020
9.1036	-73.1938	209.7267
9.0912	-74.2655	208.6549
9.0785	-75.3344	207.5860
9.0666	-76.3998	206.5205
9.0544	-77.4627	205.4575
9.0418	-78.5229	204.3973
9.0272	-79.5823	203.3378
9.0119	-80.6386	202.2813
9.0027	-81.6861	201.2339
8.9931	-82.7307	200.1892
8.9832	-83.7726	199.1472
8.9731	-84.8113	198.1084
8.9640	-85.8468	197.0730
8.9562	-86.8791	196.0406
8.9508	-87.9075	195.0122
8.9467	-88.9324	193.9873
8.9430	-89.9538	192.9659
8.9396	-90.9731	191.9466
8.9362	-91.9902	190.9295
8.9310	-93.0005	189.9191
8.9244	-94.0083	188.9114
8.9172	-95.0135	187.9061
8.9088	-96.1805	186.7391
8.9012	-97.3416	185.5780
8.8942	-98.4980	184.4216
8.8899	-99.6487	183.2708
8.8866	-100.7940	182.1255
8.8833	-101.9341	180.9854
8.8812	-103.0677	179.8518
8.8796	-104.1958	178.7237
8.8776	-105.3188	177.6007
8.8754	-106.4367	176.4828
8.8733	-107.5477	175.3719
8.8717	-108.6525	174.2671
8.8705	-109.7504	173.1691
8.8682	-110.8423	172.0772
8.8657	-111.9280	170.9915
8.8638	-113.0071	169.9124
8.8605	-114.0793	168.8402
8.8569	-115.1452	167.7743
8.8530	-116.2031	166.7164
8.8492	-117.2541	165.6654
8.8441	-118.2989	164.6206
8.8380	-119.3353	163.5842
8.8316	-120.3651	162.5543
8.8248	-121.3883	161.5311
8.8165	-122.4037	160.5157
8.8057	-123.4129	159.5065
8.7922	-124.4147	158.5045
8.7712	-125.5486	157.3705
8.7439	-126.6724	156.2463
8.7093	-127.7858	155.1323
8.6676	-128.8875	154.0299
8.6196	-129.9792	152.9371
8.5642	-131.0605	151.8544
8.5018	-132.1292	150.7839
8.4310	-133.1886	149.7221
8.3488	-134.2392	148.6683
8.2573	-135.2807	147.6228
8.1571	-136.3149	146.5838
8.0464	-137.3418	145.5509
7.9251	-138.3604	144.5251
7.7927	-139.3716	143.5052
7.6479	-140.3753	142.4911
7.4891	-141.3698	141.4841
7.3162	-142.3564	140.4825
7.1052	-143.4569	139.3619
6.8740	-144.5475	138.2471
6.6247	-145.6283	137.1379
6.3578	-146.6964	136.0369
6.0709	-147.7530	134.9420
5.7645	-148.7959	133.8551
5.4391	-149.8257	132.7751
5.0938	-150.8422	131.7016
4.7284	-151.8453	130.6340
4.3427	-152.8333	129.5733
3.9358	-153.8041	128.5208
3.5080	-154.7586	127.4748
3.0635	-155.6973	126.4361
2.6002	-156.6208	125.4030
2.1222	-157.5296	124.3760
1.6298	-158.4232	123.3558
1.1227	-159.3017	122.3415
0.6053	-160.1666	121.3336
0.0762	-161.0172	120.3319
-0.5242	-161.9473	119.2248
-1.1333	-162.8639	118.1243
-1.7534	-163.7652	117.0303
-2.3844	-164.6541	115.9402
-3.0221	-165.5344	114.8531
-3.6625	-166.4083	113.7697
-4.3074	-167.2757	112.6889
-4.9590	-168.1369	111.6090
-5.6177	-168.9904	110.5308
-6.2862	-169.8382	109.4512
-6.9671	-170.6798	108.3687
-7.6625	-171.5132	107.2832
-8.3736	-172.3438	106.1898
-9.0985	-173.1708	105.0900
-9.8409	-173.9911	103.9837
-10.5255	-174.7228	102.9817
-11.2243	-175.4475	101.9749
-11.9399	-176.1667	100.9604
-12.6722	-176.8775	99.9398
-13.4217	-177.5798	98.9127
-14.1837	-178.2752	97.8811
-14.9603	-178.9637	96.8433
